52 4

 0 692 298 428 304 346 667 444 625 581 1071 695 1013 1144 335 274 450 199 515 246 331 82 197 314 426 743 826 727 425 378 174 104 849 150 154 156 221 348 179 224 416 594 479 170 274 294 812 295 85 280 821 1243
 692 0 663 1077 955 995 69 971 1156 1149 1666 1295 1475 1536 990 735 512 630 1050 597 434 669 522 958 1041 1203 1326 1260 651 405 566 741 1507 794 806 813 868 1001 837 882 914 128 1136 757 854 871 1169 935 746 656 1450 1736
 298 663 0 627 512 553 628 317 501 498 1288 922 1276 1414 531 542 229 163 408 467 324 267 368 536 659 1011 1086 981 661 513 227 250 916 399 397 389 452 561 396 433 258 570 563 441 244 558 1084 523 300 517 1018 1497
 428 1077 627 0 119 91 1055 545 638 555 696 336 751 923 138 400 823 572 686 538 728 474 555 167 127 533 556 439 600 709 570 386 541 283 310 303 206 265 245 206 567 981 263 325 447 247 682 167 368 542 431 933
 304 955 512 119 0 43 938 476 596 521 779 410 795 956 49 311 709 456 598 430 610 356 440 59 154 555 600 486 516 600 452 272 599 166 191 185 89 146 127 89 488 864 270 216 353 173 682 63 250 437 519 995
 346 995 553 91 43 0 977 502 614 536 750 382 775 939 69 335 749 496 630 464 649 396 478 90 133 541 580 465 540 634 492 312 583 204 231 225 127 187 167 129 518 903 269 249 387 190 675 91 291 469 489 970
 667 69 628 1055 938 977 0 934 1118 1113 1656 1283 1476 1543 969 725 470 598 1015 585 404 643 505 939 1026 1203 1323 1254 653 401 537 713 1479 773 785 790 848 980 815 860 876 103 1108 740 821 857 1175 916 720 645 1435 1736
 444 971 317 545 476 502 934 0 200 192 1167 844 1264 1430 480 666 519 411 327 663 617 443 594 518 623 1029 1069 953 842 768 477 344 659 462 460 444 466 546 418 429 77 876 367 537 213 605 1148 515 396 698 884 1445
 625 1156 501 638 596 614 1118 200 0 99 1192 909 1350 1527 593 827 687 598 514 842 804 625 778 642 726 1137 1158 1040 1013 954 664 520 588 617 618 601 606 675 566 567 256 1060 401 697 390 744 1274 641 567 874 911 1505
 581 1149 498 555 521 536 1113 192 99 0 1106 825 1267 1445 519 770 700 578 493 799 789 589 743 570 647 1057 1076 957 962 923 640 478 515 560 562 545 540 607 505 501 257 1053 316 640 356 677 1199 571 521 827 825 1420
 1071 1666 1288 696 779 750 1656 1167 1192 1106 0 427 480 643 798 928 1481 1228 1334 1111 1359 1121 1159 810 647 556 445 437 1061 1268 1214 1044 728 920 953 951 849 918 898 861 1201 1581 805 928 1101 801 726 803 1021 1105 317 421
 695 1295 922 336 410 382 1283 844 909 825 427 0 496 683 430 557 1105 850 984 736 978 742 780 433 267 356 317 208 713 898 834 670 612 541 574 572 470 543 522 487 863 1204 506 548 745 422 544 425 643 731 226 647
 1013 1475 1276 751 795 775 1476 1264 1350 1267 480 496 0 234 825 778 1425 1179 1384 960 1244 1061 1029 804 641 274 218 318 829 1079 1136 1023 1037 874 912 917 825 917 880 857 1274 1405 951 842 1137 716 350 788 985 952 576 306
 1144 1536 1414 923 956 939 1543 1430 1527 1445 643 683 234 0 993 893 1551 1314 1546 1066 1354 1196 1139 967 811 407 398 500 902 1160 1262 1170 1233 1020 1059 1066 981 1078 1035 1016 1440 1482 1137 978 1297 859 381 949 1130 1059 772 337
 335 990 531 138 49 69 969 480 593 519 798 430 825 993 0 350 725 474 601 464 634 378 471 99 184 590 631 516 556 633 475 288 594 195 218 209 120 173 149 110 489 892 261 251 357 214 720 103 271 473 533 1022
 274 735 542 400 311 335 725 666 827 770 928 557 778 893 350 0 660 434 747 190 469 322 254 306 331 509 614 534 208 344 373 333 908 215 250 263 247 380 267 287 650 657 575 137 499 159 549 278 291 182 731 1034
 450 512 229 823 709 749 470 519 687 700 1481 1105 1425 1551 725 660 0 303 625 542 292 413 428 725 844 1158 1248 1150 720 504 318 438 1136 570 571 567 635 752 582 625 457 431 783 589 464 717 1202 709 476 600 1222 1666
 199 630 163 572 456 496 598 411 598 578 1228 850 1179 1314 474 434 303 0 473 347 255 157 250 465 583 910 992 892 540 408 113 181 930 310 310 307 374 493 323 366 356 526 562 336 267 461 972 448 216 396 966 1409
 515 1050 408 686 598 630 1015 327 514 493 1334 984 1384 1546 601 747 625 473 0 668 625 446 596 570 686 1080 1132 1019 850 770 480 353 842 485 483 468 505 594 451 472 232 890 503 556 229 639 1185 563 408 704 995 1524
 246 597 467 538 430 464 585 663 842 799 1111 736 960 1066 464 190 542 347 668 0 327 263 114 422 487 684 793 714 233 211 268 318 1016 275 298 310 340 477 330 368 626 509 658 214 488 314 704 396 288 102 895 1213
 331 434 324 728 610 649 404 617 804 789 1359 978 1244 1354 634 469 292 255 625 327 0 296 212 608 710 966 1068 982 488 269 188 364 1129 441 449 452 515 644 476 521 556 328 759 427 477 555 988 587 375 386 1114 1489
 82 669 267 474 356 396 643 443 625 589 1121 742 1061 1196 378 322 413 157 446 263 296 0 194 361 475 792 876 777 451 374 136 115 878 199 202 201 269 393 223 268 402 568 508 219 270 344 857 343 118 304 867 1293
 197 522 368 555 440 478 505 594 778 743 1159 780 1029 1139 471 254 428 250 596 114 212 194 0 442 527 759 863 780 305 187 170 271 1013 280 295 303 353 488 328 371 556 434 647 241 430 361 784 418 255 180 936 1284
 314 958 536 167 59 90 939 518 642 570 810 433 804 967 99 306 725 465 570 422 608 361 442 0 169 558 609 498 503 590 454 283 648 163 191 187 86 158 134 101 518 860 319 205 378 161 679 49 257 426 552 1010
 426 1041 659 127 154 133 1026 623 726 647 647 267 641 811 184 331 844 583 686 487 710 475 527 169 0 417 453 338 518 662 573 412 617 280 313 312 211 289 263 232 639 955 360 292 505 178 561 166 383 492 414 848
 743 1203 1011 533 555 541 1203 1029 1137 1057 556 356 274 407 590 509 1158 910 1080 684 966 792 759 558 417 0 144 168 567 813 871 769 929 619 658 664 579 678 633 615 1039 1139 761 580 896 458 196 548 729 683 518 538
 826 1326 1086 556 600 580 1323 1069 1158 1076 445 317 218 398 631 614 1248 992 1132 793 1068 876 863 609 453 144 0 128 690 928 957 835 881 687 724 729 636 726 691 666 1082 1253 765 661 945 531 310 597 798 787 440 446
 727 1260 981 439 486 465 1254 953 1040 957 437 208 318 500 516 534 1150 892 1019 714 982 777 780 498 338 168 128 0 641 864 865 732 781 586 623 626 530 617 585 559 970 1185 650 568 836 436 358 490 697 712 362 529
 425 651 661 600 516 540 653 842 1013 962 1061 713 829 902 556 208 720 540 850 233 488 451 305 503 518 567 690 641 0 269 465 498 1109 408 440 453 449 584 463 488 814 591 778 330 669 356 535 482 461 246 895 1096
 378 405 513 709 600 634 401 768 954 923 1268 898 1079 1160 633 344 504 408 770 211 269 374 187 590 662 813 928 864 269 0 325 452 1186 446 466 476 515 651 499 539 725 336 823 390 609 488 795 573 435 270 1068 1345
 174 566 227 570 452 492 537 477 664 640 1214 834 1136 1262 475 373 318 113 480 268 188 136 170 454 573 871 957 865 465 325 0 202 968 294 299 299 366 491 321 367 427 465 597 299 324 428 914 439 216 323 965 1376
 104 741 250 386 272 312 713 344 520 478 1044 670 1023 1170 288 333 438 181 353 318 364 115 271 283 412 769 835 732 498 452 202 0 769 155 152 142 205 317 150 190 321 646 398 212 174 316 855 277 60 357 788 1250
 849 1507 916 541 599 583 1479 659 588 515 728 612 1037 1233 594 908 1136 930 842 1016 1129 878 1013 648 617 929 881 781 1109 1186 968 769 0 743 758 745 676 727 685 652 719 1409 375 808 715 756 1110 658 778 1030 500 1105
 150 794 399 283 166 204 773 462 617 560 920 541 874 1020 195 215 570 310 485 275 441 199 280 163 280 619 687 586 408 446 294 155 743 0 44 54 80 213 61 98 452 703 388 86 300 166 708 151 116 296 678 1105
 154 806 397 310 191 231 785 460 618 562 953 574 912 1059 218 250 571 310 483 298 449 202 295 191 313 658 724 623 440 466 299 152 758 44 0 48 102 230 68 111 444 709 394 114 291 199 741 175 108 316 701 1136
 156 813 389 303 185 225 790 444 601 545 951 572 917 1066 209 263 567 307 468 310 452 201 303 187 312 664 729 626 453 476 299 142 745 54 48 0 99 223 56 101 429 715 379 127 276 206 750 173 102 328 697 1139
 221 868 452 206 89 127 848 466 606 540 849 470 825 981 120 247 635 374 505 340 515 269 353 86 211 579 636 530 449 515 366 205 676 80 102 99 0 140 57 46 467 778 332 135 320 142 686 77 175 357 602 1048
 348 1001 561 265 146 187 980 546 675 607 918 543 917 1078 173 380 752 493 594 477 644 393 488 158 289 678 726 617 584 651 491 317 727 213 230 223 140 0 140 103 522 879 354 241 380 230 763 129 264 463 634 1101
 179 837 396 245 127 167 815 418 566 505 898 522 880 1035 149 267 582 323 451 330 476 223 328 134 263 633 691 585 463 499 321 150 685 61 68 56 57 140 0 46 416 745 328 140 266 189 735 128 124 353 646 1103
 224 882 433 206 89 129 860 429 567 501 861 487 857 1016 110 287 625 366 472 368 521 268 371 101 232 615 666 559 488 539 367 190 652 98 111 101 46 103 46 0 432 789 299 167 287 184 725 98 168 386 606 1073
 416 914 258 567 488 518 876 77 256 257 1201 863 1274 1440 489 650 457 356 232 626 556 402 556 518 639 1039 1082 970 814 725 427 321 719 452 444 429 467 522 416 432 0 819 411 522 193 602 1148 520 374 668 922 1470
 594 128 570 981 864 903 103 876 1060 1053 1581 1204 1405 1482 892 657 431 526 890 509 328 568 434 860 955 1139 1253 1185 591 336 465 646 1409 703 709 715 778 879 745 789 819 0 1036 665 753 782 1112 841 647 571 1360 1667
 479 1136 563 263 270 269 1108 367 401 316 805 506 951 1137 261 575 783 562 503 658 759 508 647 319 360 761 765 650 778 823 597 398 375 388 394 379 332 354 328 299 411 1036 0 461 360 442 915 331 410 679 526 1110
 170 757 441 325 216 249 740 537 697 640 928 548 842 978 251 137 589 336 556 214 427 219 241 205 292 580 661 568 330 390 299 212 808 86 114 127 135 241 140 167 522 665 461 0 370 135 651 188 168 228 700 1083
 274 854 244 447 353 387 821 213 390 356 1101 745 1137 1297 357 499 464 267 229 488 477 270 430 378 505 896 945 836 669 609 324 174 715 300 291 276 320 380 266 287 193 753 360 370 0 446 992 373 219 521 824 1339
 294 871 558 247 173 190 857 605 744 677 801 422 716 859 214 159 717 461 639 314 555 344 361 161 178 458 531 436 356 488 428 316 756 166 199 206 142 230 189 184 602 782 442 135 446 0 551 143 276 319 585 954
 812 1169 1084 682 682 675 1175 1148 1274 1199 726 544 350 381 720 549 1202 972 1185 704 988 857 784 679 561 196 310 358 535 795 914 855 1110 708 741 750 686 763 735 725 1148 1112 915 651 992 551 0 664 810 703 707 614
 295 935 523 167 63 91 916 515 641 571 803 425 788 949 103 278 709 448 563 396 587 343 418 49 166 548 597 490 482 573 439 277 658 151 175 173 77 129 128 98 520 841 331 188 373 143 664 0 244 404 552 1001
 85 746 300 368 250 291 720 396 567 521 1021 643 985 1130 271 291 476 216 408 288 375 118 255 257 383 729 798 697 461 435 216 60 778 116 108 102 175 264 124 168 374 647 410 168 219 276 810 244 0 322 767 1213
 280 656 517 542 437 469 645 698 874 827 1105 731 952 1059 473 182 600 396 704 102 386 304 180 426 492 683 787 712 246 270 323 357 1030 296 316 328 357 463 353 386 668 571 679 228 521 319 703 404 322 0 883 1195
 821 1450 1018 431 519 489 1435 884 911 825 317 226 576 772 533 731 1222 966 995 895 1114 867 936 552 414 518 440 362 895 1068 965 788 500 678 701 697 602 634 646 606 922 1360 526 700 824 585 707 552 767 883 0 648
 1243 1736 1497 933 995 970 1736 1445 1505 1420 421 647 306 337 1022 1034 1666 1409 1524 1213 1489 1293 1284 1010 848 538 446 529 1096 1345 1376 1250 1105 1105 1136 1139 1048 1101 1103 1073 1470 1667 1110 1083 1339 954 614 1001 1213 1195 648 0

 0 698 297 415 301 354 653 454 620 576 1071 725 998 1132 316 285 446 184 339 217 448 72 205 283 422 745 820 726 440 385 159 216 854 142 145 146 229 268 189 318 411 587 484 162 262 305 802 276 75 244 801 1239
 698 0 676 1078 966 1017 69 995 1165 1158 1680 1339 1474 1538 985 760 522 629 888 582 565 673 544 941 1051 1219 1334 1273 680 426 565 867 1526 800 811 817 890 935 861 990 923 135 1155 763 856 896 1173 930 750 634 1444 1746
 297 676 0 623 518 570 623 336 505 502 1297 961 1270 1411 521 562 234 157 241 447 450 266 385 514 664 1022 1089 989 685 529 221 371 930 400 397 388 469 490 415 536 262 572 577 442 241 578 1083 513 299 490 1007 1502
 415 1078 623 0 117 100 1042 556 634 551 697 367 737 912 120 412 820 558 511 510 846 465 564 137 124 536 551 439 616 717 556 499 547 276 302 294 215 186 256 301 563 975 269 318 436 259 673 149 359 507 412 930
 301 966 518 117 0 59 932 494 599 524 787 448 788 952 38 330 713 449 430 409 735 354 456 36 158 565 602 493 539 615 445 392 612 166 190 183 105 74 145 191 491 865 283 216 349 192 680 52 248 409 507 999
 354 1017 570 100 59 0 978 527 624 546 765 427 775 942 65 361 760 496 469 450 781 401 501 74 144 558 589 479 570 656 492 439 603 211 237 230 150 122 192 238 528 911 289 256 390 216 680 87 296 448 484 981
 653 69 623 1042 932 978 0 944 1113 1108 1656 1313 1461 1531 950 736 466 583 839 556 521 633 513 908 1022 1205 1317 1253 668 408 522 825 1484 765 776 780 856 900 825 954 871 96 1113 732 809 868 1165 897 710 609 1415 1732
 454 995 336 556 494 527 944 0 211 203 1183 890 1265 1434 477 693 531 412 167 650 750 449 618 503 635 1047 1079 968 873 791 478 472 680 470 467 450 490 482 444 539 88 885 388 545 217 632 1154 512 402 678 880 1457
 620 1165 505 634 599 624 1113 211 0 101 1199 946 1342 1522 581 845 690 590 345 820 928 622 793 618 729 1146 1159 1046 1035 968 656 639 600 616 616 598 621 602 583 668 258 1060 413 696 385 762 1271 629 564 845 898 1508
 576 1158 502 551 524 546 1108 203 101 0 1113 862 1259 1440 507 788 703 570 324 777 913 586 758 546 650 1066 1077 963 984 937 632 597 527 559 560 542 555 534 522 602 259 1053 328 639 351 695 1196 559 518 798 812 1423
 1071 1680 1297 697 787 765 1656 1183 1199 1113 0 467 475 641 789 949 1487 1223 1168 1092 1486 1121 1177 789 653 568 449 446 1086 1285 1209 1166 743 922 954 951 867 848 918 965 1206 1584 820 930 1099 822 726 794 1021 1079 307 427
 725 1339 961 367 448 427 1313 890 946 862 467 0 511 701 441 598 1131 865 838 737 1125 762 818 432 293 388 341 237 758 935 849 812 647 563 595 592 508 493 562 611 888 1227 541 570 763 463 564 436 663 725 236 673
 998 1474 1270 737 788 775 1461 1265 1342 1259 475 511 0 222 806 789 1421 1164 1208 931 1361 1051 1037 773 637 276 212 317 844 1086 1121 1135 1042 866 903 907 833 837 890 951 1269 1398 956 834 1125 727 340 769 975 916 556 302
 1132 1538 1411 912 952 942 1531 1434 1522 1440 641 701 222 0 976 906 1549 1301 1372 1039 1473 1188 1149 938 809 411 394 501 919 1169 1249 1284 1240 1014 1052 1058 991 1000 1047 1112 1437 1477 1144 972 1287 872 373 932 1122 1025 754 335
 316 985 521 120 38 65 950 477 581 507 789 441 806 976 0 358 718 456 422 432 748 365 476 65 177 589 622 512 568 637 457 397 596 184 206 196 125 90 156 201 481 882 263 240 342 222 707 81 258 434 510 1015
 285 760 562 412 330 361 736 693 845 788 949 598 789 906 358 0 673 436 588 178 603 329 279 292 344 528 625 550 240 368 375 462 930 224 258 270 272 317 294 398 662 667 597 146 504 187 556 276 298 163 728 1047
 446 522 234 820 713 760 466 531 690 703 1487 1131 1421 1549 718 673 0 295 456 520 416 410 443 701 847 1167 1249 1156 742 518 310 557 1148 569 569 564 650 679 599 726 459 431 795 588 459 735 1199 697 473 571 1209 1669
 184 629 157 558 449 496 583 412 590 570 1223 865 1164 1301 456 436 295 0 297 318 372 147 258 434 579 912 986 891 555 415 98 293 935 302 301 297 382 413 333 460 351 519 567 328 255 472 962 429 206 360 946 1405
 339 888 241 511 430 469 839 167 345 324 1168 838 1208 1372 422 588 456 297 0 531 634 328 496 431 574 974 1018 910 757 669 357 357 739 369 366 350 405 406 353 458 119 775 400 440 109 542 1067 436 290 560 867 1412
 217 582 447 510 409 450 556 650 820 777 1092 737 931 1039 432 178 520 318 531 0 434 243 112 381 473 676 777 703 238 208 243 420 1011 257 279 290 338 387 330 452 611 492 653 196 466 315 684 367 268 56 865 1199
 448 565 450 846 735 781 521 750 928 913 1486 1125 1361 1473 748 603 416 372 634 434 0 374 308 665 794 1056 1150 1069 591 364 261 564 1222 521 528 530 611 652 574 703 639 409 852 507 553 654 1066 656 453 438 1182 1573
 72 673 266 465 354 401 633 449 622 586 1121 762 1051 1188 365 329 410 147 328 243 374 0 205 333 474 797 873 779 469 384 124 230 886 194 196 194 280 316 236 365 400 564 516 214 261 358 850 327 111 271 850 1292
 205 544 385 564 456 501 513 618 793 758 1177 818 1037 1149 476 279 443 258 496 112 308 205 0 427 539 777 873 795 336 210 171 399 1034 288 302 309 377 424 354 481 567 443 668 249 434 388 790 415 261 160 932 1296
 283 941 514 137 36 74 908 503 618 546 789 432 773 938 65 292 701 434 431 381 665 333 427 0 155 550 593 487 508 587 429 385 643 145 172 167 84 68 134 185 503 843 314 187 356 162 659 20 237 380 522 996
 422 1051 664 124 158 144 1022 635 729 650 653 293 637 809 177 344 847 579 574 473 794 474 539 155 0 427 455 345 541 677 566 532 630 280 312 310 227 217 281 334 642 956 373 292 501 197 559 155 381 464 402 852
 745 1219 1022 536 565 558 1205 1047 1146 1066 568 388 276 411 589 528 1167 912 974 676 1056 797 777 550 427 0 149 178 593 831 867 892 945 622 660 665 598 609 654 720 1045 1143 777 583 895 480 197 540 730 658 509 545
 820 1334 1089 551 602 589 1317 1079 1159 1077 449 341 212 394 622 625 1249 986 1018 777 1150 873 873 593 455 149 0 133 711 941 948 953 892 685 721 725 650 652 707 766 1083 1252 776 659 939 548 306 584 794 757 426 448
 726 1273 989 439 493 479 1253 968 1046 963 446 237 317 501 512 550 1156 891 910 703 1069 779 795 487 345 178 133 0 665 880 859 853 795 587 623 625 547 546 604 662 974 1187 664 569 833 456 357 480 696 685 351 534
 440 680 685 616 539 570 668 873 1035 984 1086 758 844 919 568 240 742 555 757 238 591 469 336 508 541 593 711 665 0 296 470 630 1134 420 451 463 477 524 493 602 829 604 803 342 677 387 545 483 471 230 895 1112
 385 426 529 717 615 656 408 791 968 937 1285 935 1086 1169 637 368 518 415 669 208 364 384 210 587 677 831 941 880 296 0 324 578 1205 452 471 480 537 585 523 647 734 343 842 396 611 513 799 568 439 248 1062 1355
 159 565 221 556 445 492 522 478 656 632 1209 849 1121 1249 457 375 310 98 357 243 261 124 171 429 566 867 948 859 470 324 0 314 973 286 290 289 374 411 331 461 422 458 602 291 312 439 904 420 206 287 945 1372
 216 867 371 499 392 439 825 472 639 597 1166 812 1135 1284 397 462 557 293 357 420 564 230 399 385 532 892 953 853 630 578 314 0 859 232 228 217 298 322 245 369 401 724 488 289 247 412 930 343 135 406 853 1331
 854 1526 930 547 612 603 1484 680 600 527 743 647 1042 1240 596 930 1148 935 739 1011 1222 886 1034 643 630 945 892 795 1134 1205 973 859 0 749 763 749 698 661 709 760 728 1416 394 814 717 781 1114 653 782 1008 494 1115
 142 800 400 276 166 211 765 470 616 559 922 563 866 1014 184 224 569 302 369 257 521 194 288 145 280 622 685 587 420 452 286 232 749 0 39 48 92 137 75 196 451 700 397 82 292 181 702 136 110 264 662 1105
 145 811 397 302 190 237 776 467 616 560 954 595 903 1052 206 258 569 301 366 279 528 196 302 172 312 660 721 623 451 471 290 228 763 39 0 42 114 154 82 209 443 706 403 110 283 214 735 160 102 284 685 1136
 146 817 388 294 183 230 780 450 598 542 951 592 907 1058 196 270 564 297 350 290 530 194 309 167 310 665 725 625 463 480 289 217 749 48 42 0 111 147 70 199 428 712 388 123 268 221 744 158 96 296 681 1139
 229 890 469 215 105 150 856 490 621 555 867 508 833 991 125 272 650 382 405 338 611 280 377 84 227 598 650 547 477 537 374 298 698 92 114 111 0 75 82 155 477 786 352 142 323 168 691 73 180 336 597 1059
 268 935 490 186 74 122 900 482 602 534 848 493 837 1000 90 317 679 413 406 387 652 316 424 68 217 609 652 546 524 585 411 322 661 137 154 147 75 0 106 153 473 828 315 189 324 197 709 66 210 383 570 1053
 189 861 415 256 145 192 825 444 583 522 918 562 890 1047 156 294 599 333 353 330 574 236 354 134 281 654 707 604 493 523 331 245 709 75 82 70 82 106 0 157 428 755 350 149 271 217 742 126 131 334 643 1116
 318 990 536 301 191 238 954 539 668 602 965 611 951 1112 201 398 726 460 458 452 703 365 481 185 334 720 766 662 602 647 461 369 760 196 209 199 155 153 157 0 500 855 377 232 348 268 788 152 231 423 659 1142
 411 923 262 563 491 528 871 88 258 259 1206 888 1269 1437 481 662 459 351 119 611 639 400 567 503 642 1045 1083 974 829 734 422 401 728 451 443 428 477 473 428 500 0 818 422 520 187 619 1144 507 370 638 908 1472
 587 135 572 975 865 911 96 885 1060 1053 1584 1227 1398 1477 882 667 431 519 775 492 409 564 443 843 956 1143 1252 1187 604 343 458 724 1416 700 706 712 786 828 755 855 818 0 1046 662 746 798 1107 827 642 540 1345 1668
 484 1155 577 269 283 289 1113 388 413 328 820 541 956 1144 263 597 795 567 400 653 852 516 668 314 373 777 776 664 803 842 602 488 394 397 403 388 352 315 350 377 422 1046 0 467 362 467 919 326 414 657 520 1120
 162 763 442 318 216 256 732 545 696 639 930 570 834 972 240 146 588 328 440 196 507 214 249 187 292 583 659 569 342 396 291 289 814 82 110 123 142 189 149 232 520 662 467 0 363 151 646 174 163 197 685 1084
 262 856 241 436 349 390 809 217 385 351 1099 763 1125 1287 342 504 459 255 109 466 553 261 434 356 501 895 939 833 677 611 312 247 717 292 283 268 323 324 271 348 187 746 362 363 0 459 984 356 211 487 806 1337
 305 896 578 259 192 216 868 632 762 695 822 463 727 872 222 187 735 472 542 315 654 358 388 162 197 480 548 456 387 513 439 412 781 181 214 221 168 197 217 268 619 798 467 151 459 0 558 141 283 300 582 967
 802 1173 1083 673 680 680 1165 1154 1271 1196 726 564 340 373 707 556 1199 962 1067 684 1066 850 790 659 559 197 306 357 545 799 904 930 1114 702 735 744 691 709 742 788 1144 1107 919 646 984 558 0 648 803 670 690 613
 276 930 513 149 52 87 897 512 629 559 794 436 769 932 81 276 697 429 436 367 656 327 415 20 155 540 584 480 483 568 420 343 653 136 160 158 73 66 126 152 507 827 326 174 356 141 648 0 232 366 530 995
 75 750 299 359 248 296 710 402 564 518 1021 663 975 1122 258 298 473 206 290 268 453 111 261 237 381 730 794 696 471 439 206 135 782 110 102 96 180 210 131 231 370 642 414 163 211 283 803 232 0 289 750 1212
 244 634 490 507 409 448 609 678 845 798 1079 725 916 1025 434 163 571 360 560 56 438 271 160 380 464 658 757 685 230 248 287 406 1008 264 284 296 336 383 334 423 638 540 657 197 487 300 670 366 289 0 849 1177
 801 1444 1007 412 507 484 1415 880 898 812 307 236 556 754 510 728 1209 946 867 865 1182 850 932 522 402 509 426 351 895 1062 945 853 494 662 685 681 597 570 643 659 908 1345 520 685 806 582 690 530 750 849 0 641
 1239 1746 1502 930 999 981 1732 1457 1508 1423 427 673 302 335 1015 1047 1669 1405 1412 1199 1573 1292 1296 996 852 545 448 534 1112 1355 1372 1331 1115 1105 1136 1139 1059 1053 1116 1142 1472 1668 1120 1084 1337 967 613 995 1212 1177 641 0

 0 692 301 423 309 337 656 445 612 571 1066 839 987 1328 304 267 458 168 419 236 301 68 192 282 430 756 806 739 420 388 162 102 846 145 143 137 231 253 190 297 410 595 476 177 245 302 819 277 69 239 813 1235
 692 0 679 1085 973 999 71 985 1156 1152 1674 1452 1462 1733 972 741 533 612 967 600 417 668 530 939 1058 1229 1319 1285 659 428 567 752 1517 802 808 807 891 919 861 968 921 142 1146 777 838 892 1189 930 743 628 1455 1741
 301 679 0 637 532 559 632 333 503 503 1298 1081 1265 1613 515 550 252 147 327 472 309 268 378 519 678 1039 1081 1008 671 538 230 263 928 409 401 385 477 481 422 521 267 586 575 463 230 581 1106 520 299 491 1025 1504
 423 1085 637 0 134 92 1054 556 635 555 701 490 735 1117 117 403 841 551 600 538 708 470 560 145 141 556 546 461 605 729 568 394 548 288 309 294 226 180 266 289 571 992 270 342 428 265 699 159 362 511 433 935
 309 973 532 134 0 51 944 494 600 528 791 571 786 1157 35 321 734 442 519 437 597 359 452 44 175 585 597 515 528 627 457 287 613 178 197 183 116 68 155 179 499 882 284 240 341 198 706 62 251 413 528 1004
 337 999 559 92 51 0 973 510 608 533 752 533 756 1130 45 335 764 472 541 461 626 389 480 65 144 561 567 484 542 651 487 317 587 206 227 213 144 99 185 209 519 911 273 263 365 205 689 80 282 435 488 969
 656 71 632 1054 944 973 0 941 1111 1109 1657 1433 1456 1733 944 724 484 573 925 581 380 635 506 913 1036 1222 1309 1272 654 417 531 717 1482 774 780 777 864 891 832 939 876 110 1111 753 798 871 1188 904 710 610 1433 1734
 445 985 333 556 494 510 941 0 201 196 1176 1002 1252 1628 463 673 541 394 245 667 601 443 603 500 641 1056 1063 979 851 792 479 356 670 471 463 439 490 465 443 516 85 891 378 558 198 627 1169 511 394 671 890 1451
 612 1156 503 635 600 608 1111 201 0 94 1192 1058 1329 1716 567 825 700 572 423 837 779 616 778 615 735 1155 1143 1057 1013 969 657 523 590 617 612 587 621 585 582 645 255 1066 403 709 366 757 1286 628 556 838 908 1502
 571 1152 503 555 528 533 1109 196 94 0 1108 976 1248 1636 495 770 715 554 404 796 766 582 745 545 658 1077 1063 976 964 940 635 483 519 562 558 533 557 519 523 581 258 1061 320 654 334 692 1213 560 512 793 824 1419
 1066 1674 1298 701 791 752 1657 1176 1192 1108 0 581 464 837 777 931 1499 1207 1248 1111 1339 1117 1164 788 661 579 435 459 1066 1288 1212 1052 735 925 952 942 869 833 919 944 1205 1592 812 945 1082 819 743 795 1015 1074 319 423
 839 1452 1081 490 571 533 1433 1002 1058 976 581 0 580 977 509 660 1223 929 998 836 1058 838 885 511 381 479 407 330 818 1018 932 778 719 646 673 663 590 558 643 670 967 1315 613 665 826 540 661 517 737 800 328 749
 987 1462 1265 735 786 756 1456 1252 1329 1248 464 580 0 414 790 767 1429 1144 1284 946 1210 1043 1020 768 641 283 194 326 820 1085 1120 1017 1030 865 897 894 831 818 887 926 1264 1402 944 845 1104 720 353 766 965 907 564 294
 1328 1733 1613 1117 1157 1130 1733 1628 1716 1636 837 977 414 0 1098 1022 1695 1419 1586 1192 1460 1318 1270 1071 951 556 514 648 1033 1306 1386 1304 1366 1151 1184 1183 1127 1119 1182 1225 1570 1619 1270 1121 1404 1003 524 1067 1250 1154 900 465
 304 972 515 117 35 45 944 463 567 495 777 509 790 1098 0 335 725 435 497 446 596 356 458 59 180 595 603 520 543 635 455 278 583 182 199 182 122 70 152 175 475 885 250 250 320 214 719 77 247 424 517 1006
 267 741 550 403 321 335 724 673 825 770 931 660 767 1022 335 0 677 412 660 189 448 317 258 283 344 531 603 555 212 363 370 340 914 219 248 253 266 294 287 369 653 667 581 153 479 176 565 269 284 150 732 1035
 458 533 252 841 734 764 484 541 700 715 1499 1223 1429 1695 725 677 0 290 547 550 280 417 441 711 866 1189 1246 1180 733 532 324 454 1151 583 578 566 663 675 611 716 469 450 798 614 453 743 1227 709 478 577 1232 1676
 168 612 147 551 442 472 573 394 572 554 1207 929 1144 1419 435 412 290 0 370 330 218 136 238 426 580 916 965 897 528 411 94 172 920 298 292 281 377 391 327 432 343 520 552 336 231 462 972 423 193 348 951 1394
 419 967 327 600 519 541 925 245 423 404 1248 998 1284 1586 497 660 547 370 0 607 544 381 540 487 639 1042 1061 980 794 729 417 300 788 429 421 398 464 448 411 494 175 840 449 512 149 596 1141 494 341 612 936 1465
 236 600 472 538 437 461 581 667 837 796 1111 836 946 1192 446 189 550 330 607 0 303 255 115 396 497 703 779 732 234 227 262 322 1019 276 293 297 356 388 347 447 626 516 661 227 465 328 717 384 278 67 893 1211
 301 417 309 708 597 626 380 601 779 766 1339 1058 1210 1460 596 448 280 218 544 303 0 275 200 569 707 972 1041 987 476 272 169 355 1119 429 431 426 518 542 480 587 543 322 749 427 441 556 988 562 352 338 1099 1474
 68 668 268 470 359 389 635 443 616 582 1117 838 1043 1318 356 317 417 136 381 255 275 0 193 333 483 809 860 793 450 388 128 117 879 198 195 186 283 302 238 345 400 573 509 230 245 356 868 329 106 267 863 1289
 192 530 378 560 452 480 506 603 778 745 1164 885 1020 1270 458 258 441 238 540 115 200 193 0 420 541 782 853 802 310 207 168 279 1020 285 294 294 373 403 349 454 560 445 654 258 411 379 801 410 249 149 938 1286
 282 939 519 145 44 65 913 500 615 545 788 511 768 1071 59 283 711 426 487 396 569 333 420 0 165 563 581 502 490 592 434 273 637 150 172 160 88 55 137 166 504 853 308 204 341 161 678 23 233 377 536 994
 430 1058 678 141 175 144 1036 641 735 658 661 381 641 951 180 344 866 580 639 497 707 483 541 165 0 446 449 366 529 688 577 426 630 291 318 309 237 210 290 321 649 972 373 315 492 202 584 164 383 467 422 856
 756 1229 1039 556 585 561 1222 1056 1155 1077 579 479 283 556 595 531 1189 916 1042 703 972 809 782 563 446 0 146 202 584 845 881 789 948 636 669 667 611 605 666 710 1055 1162 780 609 889 488 225 552 735 664 532 552
 806 1319 1081 546 597 567 1309 1063 1143 1063 435 407 194 514 603 603 1246 965 1061 779 1041 860 853 581 449 146 0 140 685 938 945 833 878 682 713 710 646 631 702 739 1076 1254 762 668 916 539 317 579 782 746 432 438
 739 1285 1008 461 515 484 1272 979 1057 976 459 330 326 648 520 555 1180 897 980 732 987 793 802 502 366 202 140 0 657 895 874 751 799 602 633 628 561 543 617 653 985 1207 668 596 828 465 386 493 702 692 375 542
 420 659 671 605 528 542 654 851 1013 964 1066 818 820 1033 543 212 733 528 794 234 476 450 310 490 529 584 685 657 0 289 463 506 1116 413 439 444 469 499 484 571 818 602 785 347 650 374 552 474 455 215 897 1098
 388 428 538 729 627 651 417 792 969 940 1288 1018 1085 1306 635 363 532 411 729 227 272 388 207 592 688 845 938 895 289 0 333 470 1203 461 475 477 545 576 530 632 739 357 840 417 600 516 822 575 439 249 1080 1357
 162 567 230 568 457 487 531 479 657 635 1212 932 1120 1386 455 370 324 94 417 262 169 128 168 434 577 881 945 874 463 333 0 206 971 295 294 286 382 402 338 446 427 472 600 312 301 442 927 427 206 288 963 1374
 102 752 263 394 287 317 717 356 523 483 1052 778 1017 1304 278 340 454 172 300 322 355 117 279 273 426 789 833 751 506 470 206 0 778 162 153 135 227 234 173 275 327 659 407 231 157 336 874 271 56 328 792 1254
 846 1517 928 548 613 587 1482 670 590 519 735 719 1030 1366 583 914 1151 920 788 1019 1119 879 1020 637 630 948 878 799 1116 1203 971 778 0 750 759 738 698 644 708 737 725 1422 384 827 698 776 1129 652 774 1001 504 1109
 145 802 409 288 178 206 774 471 617 562 925 646 865 1151 182 219 583 298 429 276 429 198 285 150 291 636 682 602 413 461 295 162 750 0 43 45 100 128 82 181 456 714 395 103 281 184 725 143 110 265 680 1107
 143 808 401 309 197 227 780 463 612 558 952 673 897 1184 199 248 578 292 421 293 431 195 294 172 318 669 713 633 439 475 294 153 759 43 0 35 118 141 85 190 444 716 397 127 268 213 754 163 98 281 699 1134
 137 807 385 294 183 213 777 439 587 533 942 663 894 1183 182 253 566 281 398 297 426 186 294 160 309 667 710 628 444 477 286 135 738 45 35 0 110 129 68 175 424 717 377 135 248 215 758 156 87 288 690 1132
 231 891 477 226 116 144 864 490 621 557 869 590 831 1127 122 266 663 377 464 356 518 283 373 88 237 611 646 561 469 545 382 227 698 100 118 110 0 65 88 139 481 799 349 162 311 170 713 79 179 336 614 1060
 253 919 481 180 68 99 891 465 585 519 833 558 818 1119 70 294 675 391 448 388 542 302 403 55 210 605 631 543 499 576 402 234 644 128 141 129 65 0 101 126 466 830 301 198 301 188 720 61 198 372 576 1043
 190 861 422 266 155 185 832 443 582 523 919 643 887 1182 152 287 611 327 411 347 480 238 349 137 290 666 702 617 484 530 338 173 708 82 85 68 88 101 0 140 431 767 346 168 258 218 763 131 129 333 659 1116
 297 968 521 289 179 209 939 516 645 581 944 670 926 1225 175 369 716 432 494 447 587 345 454 166 321 710 739 653 571 632 446 275 737 181 190 175 139 126 140 0 488 852 358 236 320 254 794 142 214 407 660 1127
 410 921 267 571 499 519 876 85 255 258 1205 967 1264 1570 475 653 469 343 175 626 543 400 560 504 649 1055 1076 985 818 739 427 327 725 456 444 424 481 466 431 488 0 829 417 538 173 619 1164 511 367 636 923 1471
 595 142 586 992 882 911 110 891 1066 1061 1592 1315 1402 1619 885 667 450 520 840 516 322 573 445 853 972 1162 1254 1207 602 357 472 659 1422 714 716 717 799 830 767 852 829 0 1047 686 738 804 1133 837 645 544 1366 1673
 476 1146 575 270 284 273 1111 378 403 320 812 613 944 1270 250 581 798 552 449 661 749 509 654 308 373 780 762 668 785 840 600 407 384 395 397 377 349 301 346 358 417 1047 0 480 343 462 934 325 406 650 530 1114
 177 777 463 342 240 263 753 558 709 654 945 665 845 1121 250 153 614 336 512 227 427 230 258 204 315 609 668 596 347 417 312 231 827 103 127 135 162 198 168 236 538 686 480 0 359 161 676 188 170 205 710 1093
 245 838 230 428 341 365 798 198 366 334 1082 826 1104 1404 320 479 453 231 149 465 441 245 411 341 492 889 916 828 650 600 301 157 698 281 268 248 311 301 258 320 173 738 343 359 0 448 993 349 197 474 810 1325
 302 892 581 265 198 205 871 627 757 692 819 540 720 1003 214 176 743 462 596 328 556 356 379 161 202 488 539 465 374 516 442 336 776 184 213 215 170 188 218 254 619 804 462 161 448 0 576 143 278 296 595 964
 819 1189 1106 699 706 689 1188 1169 1286 1213 743 661 353 524 719 565 1227 972 1141 717 988 868 801 678 584 225 317 386 552 822 927 874 1129 725 754 758 713 720 763 794 1164 1133 934 676 993 576 0 664 812 680 717 624
 277 930 520 159 62 80 904 511 628 560 795 517 766 1067 77 269 709 423 494 384 562 329 410 23 164 552 579 493 474 575 427 271 652 143 163 156 79 61 131 142 511 837 325 188 349 143 664 0 230 365 546 995
 69 743 299 362 251 282 710 394 556 512 1015 737 965 1250 247 284 478 193 341 278 352 106 249 233 383 735 782 702 455 439 206 56 774 110 98 87 179 198 129 214 367 645 406 170 197 278 812 230 0 283 761 1207
 239 628 491 511 413 435 610 671 838 793 1074 800 907 1154 424 150 577 348 612 67 338 267 149 377 467 664 746 692 215 249 288 328 1001 265 281 288 336 372 333 407 636 544 650 205 474 296 680 365 283 0 861 1173
 813 1455 1025 433 528 488 1433 890 908 824 319 328 564 900 517 732 1232 951 936 893 1099 863 938 536 422 532 432 375 897 1080 963 792 504 680 699 690 614 576 659 660 923 1366 530 710 810 595 717 546 761 861 0 648
 1235 1741 1504 935 1004 969 1734 1451 1502 1419 423 749 294 465 1006 1035 1676 1394 1465 1211 1474 1289 1286 994 856 552 438 542 1098 1357 1374 1254 1109 1107 1134 1132 1060 1043 1116 1127 1471 1673 1114 1093 1325 964 624 995 1207 1173 648 0

 0 675 298 414 310 332 668 510 601 565 1066 665 978 1129 312 279 443 165 327 331 301 49 188 285 422 779 801 714 429 371 150 99 833 150 125 136 226 242 178 209 401 583 479 208 254 286 807 268 70 229 815 1231
 675 0 672 1072 970 990 79 1046 1141 1142 1670 1274 1449 1530 976 749 514 605 871 691 413 645 522 938 1046 1248 1310 1256 664 407 551 745 1500 803 786 802 882 904 845 876 908 126 1145 804 843 872 1173 917 740 614 1453 1733
 298 672 0 633 538 559 649 403 497 502 1303 912 1261 1419 528 567 242 149 240 572 314 254 379 527 675 1067 1081 988 685 526 223 265 920 419 388 389 477 475 415 438 263 579 583 499 244 570 1099 516 305 486 1032 1505
 414 1072 633 0 135 87 1066 621 624 549 701 316 726 918 125 415 826 548 508 633 708 451 556 148 133 579 541 436 614 712 556 391 535 293 291 293 221 169 254 201 562 980 273 373 437 249 687 150 363 501 435 931
 310 970 538 135 0 53 963 566 596 529 798 404 784 965 50 340 726 446 434 539 604 347 455 54 174 615 599 497 544 617 452 291 607 190 186 189 118 64 150 98 497 877 294 278 357 189 701 60 259 410 537 1007
 332 990 559 87 53 0 989 579 601 531 756 363 751 935 57 351 753 473 453 560 630 374 480 72 140 588 566 463 555 638 479 318 578 215 213 216 143 92 177 125 514 903 280 298 378 193 681 75 287 429 494 969
 668 79 649 1066 963 989 0 1020 1114 1117 1671 1273 1461 1548 966 750 483 584 847 690 394 630 516 930 1042 1259 1318 1261 677 414 533 728 1483 793 776 790 873 894 834 865 881 112 1128 798 821 869 1190 909 725 614 1449 1744
 510 1046 403 621 566 579 1020 0 240 240 1226 878 1293 1479 521 735 576 441 203 812 651 474 649 553 683 1129 1108 1004 910 825 517 403 707 526 495 488 535 504 481 478 126 929 431 639 257 661 1207 552 445 711 942 1497
 601 1141 497 624 596 601 1114 240 0 87 1191 883 1319 1516 574 836 684 568 330 931 778 596 773 617 726 1177 1137 1031 1021 951 644 519 576 621 593 585 615 573 569 556 245 1053 405 739 374 740 1273 618 556 827 909 1497
 565 1142 502 549 529 531 1117 240 87 0 1110 804 1241 1439 505 784 702 553 314 893 768 565 743 550 652 1102 1060 953 975 925 625 482 508 569 542 534 554 510 513 495 251 1051 325 687 345 678 1203 553 515 785 828 1417
 1066 1670 1303 701 798 756 1671 1226 1191 1110 0 414 462 645 792 950 1491 1211 1163 1213 1346 1105 1167 798 660 609 437 441 1082 1278 1207 1056 729 937 941 948 871 829 914 863 1203 1587 822 983 1098 810 738 793 1023 1071 328 426
 665 1274 912 316 404 363 1273 878 883 804 414 0 461 668 407 562 1098 816 796 821 948 709 771 404 263 392 292 195 717 891 810 665 596 541 545 552 475 437 521 472 848 1193 506 586 725 414 539 398 628 680 220 635
 978 1449 1261 726 784 751 1461 1293 1319 1241 462 461 0 216 799 780 1415 1142 1193 1042 1211 1025 1017 772 634 307 190 302 830 1069 1109 1015 1018 871 880 894 827 808 876 839 1256 1391 948 877 1114 705 342 758 967 898 567 291
 1129 1530 1419 918 965 935 1548 1479 1516 1439 645 668 216 0 980 908 1554 1290 1368 1161 1334 1173 1140 948 817 453 383 497 916 1163 1248 1175 1227 1030 1040 1056 996 982 1044 1011 1435 1481 1147 1026 1287 861 386 932 1125 1018 776 335
 312 976 528 125 50 57 966 521 574 505 792 407 799 980 0 359 722 444 417 553 608 349 466 74 184 630 610 507 564 630 455 287 582 199 193 193 129 71 152 99 478 885 265 293 341 210 719 80 260 426 531 1014
 279 749 567 415 340 351 750 735 836 784 950 562 780 908 359 0 676 423 582 298 462 312 268 300 350 568 612 544 235 360 372 351 915 238 244 266 275 297 289 295 658 669 598 198 502 174 567 274 299 154 748 1045
 443 514 242 826 726 753 483 576 684 702 1491 1098 1415 1554 722 676 0 284 452 642 277 395 434 711 855 1209 1238 1152 739 512 309 448 1135 585 557 562 655 661 596 625 457 435 798 642 459 724 1212 697 476 564 1231 1669
 165 605 149 548 446 473 584 441 568 553 1211 816 1142 1290 444 423 284 0 282 429 222 121 238 433 576 943 964 876 541 398 86 173 911 307 278 284 376 384 319 348 338 512 559 371 244 450 964 418 198 342 957 1394
 327 871 240 508 434 453 847 203 330 314 1163 796 1193 1368 417 582 452 282 0 647 489 307 481 435 576 1010 1001 900 748 657 350 242 720 379 348 342 404 382 344 351 111 773 397 488 103 525 1074 430 287 547 883 1406
 331 691 572 633 539 560 690 812 931 893 1213 821 1042 1161 553 298 642 429 647 0 373 306 181 469 559 796 844 777 313 280 320 389 1076 351 345 366 421 447 405 429 687 574 734 328 544 382 775 445 349 127 965 1277
 301 413 314 708 604 630 394 651 778 768 1346 948 1211 1334 608 462 277 222 489 373 0 263 203 579 706 1002 1043 969 492 262 164 359 1113 441 420 432 520 538 475 506 541 317 759 465 457 547 983 560 360 335 1108 1477
 49 645 254 451 347 374 630 474 596 565 1105 709 1025 1173 349 312 395 121 307 306 263 0 183 330 469 826 849 762 453 365 110 108 860 197 171 179 272 285 220 251 385 555 506 255 248 334 850 314 101 251 859 1279
 188 522 379 556 455 480 516 649 773 743 1167 771 1017 1140 466 268 434 238 481 181 203 183 0 427 537 809 852 781 323 194 160 280 1011 294 280 297 372 396 341 370 555 437 661 293 424 367 793 405 254 143 944 1286
 285 938 527 148 54 72 930 553 617 550 798 404 772 948 74 300 711 433 435 469 579 330 427 0 166 595 585 486 508 584 431 279 633 164 163 168 92 53 134 87 504 850 320 244 359 154 675 23 243 376 547 999
 422 1046 675 133 174 140 1042 683 726 652 660 263 634 817 184 350 855 576 576 559 706 469 537 166 0 471 446 343 540 673 567 425 619 298 302 310 234 201 280 235 642 962 378 348 503 188 574 157 386 459 426 854
 779 1248 1067 579 615 588 1259 1129 1177 1102 609 392 307 453 630 568 1209 943 1010 796 1002 826 809 595 471 0 163 199 615 850 891 808 957 663 673 688 628 616 676 644 1068 1172 805 662 920 494 235 565 758 676 556 570
 801 1310 1081 541 599 566 1318 1108 1137 1060 437 292 190 383 610 612 1238 964 1001 844 1043 849 852 585 446 163 0 119 698 925 937 834 869 691 699 713 645 624 694 655 1071 1246 769 703 929 527 309 574 787 740 438 438
 714 1256 988 436 497 463 1261 1004 1031 953 441 195 302 497 507 544 1152 876 900 777 969 762 781 486 343 199 119 0 656 868 852 738 776 597 605 617 546 522 595 555 966 1185 661 617 827 439 364 474 693 672 367 528
 429 664 685 614 544 555 677 910 1021 975 1082 717 830 916 564 235 739 541 748 313 492 453 323 508 540 615 698 656 0 285 464 516 1116 431 434 456 477 501 485 496 822 603 801 391 672 371 553 478 469 218 912 1107
 371 407 526 712 617 638 414 825 951 925 1278 891 1069 1163 630 360 512 398 657 280 262 365 194 584 673 850 925 868 285 0 316 462 1185 461 452 471 535 560 513 539 725 340 838 443 604 495 805 561 435 234 1077 1348
 150 551 223 556 452 479 533 517 644 625 1207 810 1109 1248 455 372 309 86 350 320 164 110 160 431 567 891 937 852 464 316 0 201 956 298 274 283 375 389 324 356 416 458 601 341 308 424 913 416 205 276 963 1368
 99 745 265 391 291 318 728 403 519 482 1056 665 1015 1175 287 351 448 173 242 389 359 108 280 279 425 808 834 738 516 462 201 0 770 172 140 139 227 228 166 192 323 652 415 267 171 325 867 267 62 323 799 1255
 833 1500 920 535 607 578 1483 707 576 508 729 596 1018 1227 582 915 1135 911 720 1076 1113 860 1011 633 619 957 869 776 1116 1185 956 770 0 753 739 735 691 631 694 647 714 1408 385 856 705 758 1115 641 773 989 504 1103
 150 803 419 293 190 215 793 526 621 569 937 541 871 1030 199 238 585 307 379 351 441 197 294 164 298 663 691 597 431 461 298 172 753 0 35 54 105 127 80 103 457 712 408 144 300 178 723 144 121 265 692 1113
 125 786 388 291 186 213 776 495 593 542 941 545 880 1040 193 244 557 278 348 345 420 171 280 163 302 673 699 605 434 452 274 140 739 35 0 28 107 124 67 96 429 698 394 152 271 191 736 148 93 265 695 1124
 136 802 389 293 189 216 790 488 585 534 948 552 894 1056 193 266 562 284 342 366 432 179 297 168 310 688 713 617 456 471 283 139 735 54 28 0 111 124 62 93 421 711 386 172 263 205 752 153 94 284 698 1134
 226 882 477 221 118 143 873 535 615 554 871 475 827 996 129 275 655 376 404 421 520 272 372 92 234 628 645 546 477 535 375 227 691 105 107 111 0 57 79 54 475 790 355 196 323 157 704 73 183 329 619 1059
 242 904 475 169 64 92 894 504 573 510 829 437 808 982 71 297 661 384 382 447 538 285 396 53 201 616 624 522 501 560 389 228 631 127 124 124 57 0 88 37 456 817 303 228 309 171 707 51 198 361 577 1038
 178 845 415 254 150 177 834 481 569 513 914 521 876 1044 152 289 596 319 344 405 475 220 341 134 280 676 694 595 485 513 324 166 694 80 67 62 79 88 0 51 421 754 348 198 266 201 750 121 129 322 660 1111
 209 876 438 201 98 125 865 478 556 495 863 472 839 1011 99 295 625 348 351 429 506 251 370 87 235 644 655 555 496 539 356 192 647 103 96 93 54 37 51 0 427 788 309 215 277 186 730 81 163 345 610 1071
 401 908 263 562 497 514 881 126 245 251 1203 848 1256 1435 478 658 457 338 111 687 541 385 555 504 642 1068 1071 966 822 725 416 323 714 457 429 421 475 456 421 427 0 818 421 570 183 604 1153 503 369 627 926 1468
 583 126 579 980 877 903 112 929 1053 1051 1587 1193 1391 1481 885 669 435 512 773 574 317 555 437 850 962 1172 1246 1185 603 340 458 652 1408 712 698 711 790 817 754 788 818 0 1049 716 746 787 1120 827 645 533 1367 1668
 479 1145 583 273 294 280 1128 431 405 325 822 506 948 1147 265 598 798 559 397 734 759 506 661 320 378 805 769 661 801 838 601 415 385 408 394 386 355 303 348 309 421 1049 0 519 360 454 930 324 415 648 540 1118
 208 804 499 373 278 298 798 639 739 687 983 586 877 1026 293 198 642 371 488 328 465 255 293 244 348 662 703 617 391 443 341 267 856 144 152 172 196 228 198 215 570 716 519 0 396 173 692 207 199 223 740 1117
 254 843 244 437 357 378 821 257 374 345 1098 725 1114 1287 341 502 459 244 103 544 457 248 424 359 503 920 929 827 672 604 308 171 705 300 271 263 323 309 266 277 183 746 360 396 0 445 994 353 211 477 825 1334
 286 872 570 249 189 193 869 661 740 678 810 414 705 861 210 174 724 450 525 382 547 334 367 154 188 494 527 439 371 495 424 325 758 178 191 205 157 171 201 186 604 787 454 173 445 0 560 130 275 282 593 956
 807 1173 1099 687 701 681 1190 1207 1273 1203 738 539 342 386 719 567 1212 964 1074 775 983 850 793 675 574 235 309 364 553 805 913 867 1115 723 736 752 704 707 750 730 1153 1120 930 692 994 560 0 653 811 668 717 618
 268 917 516 150 60 75 909 552 618 553 793 398 758 932 80 274 697 418 430 445 560 314 405 23 157 565 574 474 478 561 416 267 641 144 148 153 73 51 121 81 503 827 324 207 353 130 653 0 231 355 548 991
 70 740 305 363 259 287 725 445 556 515 1023 628 967 1125 260 299 476 198 287 349 360 101 254 243 386 758 787 693 469 435 205 62 773 121 93 94 183 198 129 163 369 645 415 199 211 275 811 231 0 281 771 1211
 229 614 486 501 410 429 614 711 827 785 1071 680 898 1018 426 154 564 342 547 127 335 251 143 376 459 676 740 672 218 234 276 323 989 265 265 284 329 361 322 345 627 533 648 223 477 282 668 355 281 0 863 1169
 815 1453 1032 435 537 494 1449 942 909 828 328 220 567 776 531 748 1231 957 883 965 1108 859 944 547 426 556 438 367 912 1077 963 799 504 692 695 698 619 577 660 610 926 1367 540 740 825 593 717 548 771 863 0 652
 1231 1733 1505 931 1007 969 1744 1497 1497 1417 426 635 291 335 1014 1045 1669 1394 1406 1277 1477 1279 1286 999 854 570 438 528 1107 1348 1368 1255 1103 1113 1124 1134 1059 1038 1111 1071 1468 1668 1118 1117 1334 956 618 991 1211 1169 652 0

 0 38 34 34 40 36 46 36 34 38 44 44 32 30 42 40 32 32 34 36 36 34 34 46 42 30 42 42 34 36 40 38 36 40 38 36 44 38 32 34 42 30 32 34 36 42 40 36 42 34 32 40
 50 0 52 52 58 54 64 54 52 56 62 62 50 48 60 58 50 50 52 54 54 52 52 64 60 48 60 60 52 54 58 56 54 58 56 54 62 56 50 52 60 48 50 52 54 60 58 54 60 52 50 58
 38 44 0 40 46 42 52 42 40 44 50 50 38 36 48 46 38 38 40 42 42 40 40 52 48 36 48 48 40 42 46 44 42 46 44 42 50 44 38 40 48 36 38 40 42 48 46 42 48 40 38 46
 38 44 40 0 46 42 52 42 40 44 50 50 38 36 48 46 38 38 40 42 42 40 40 52 48 36 48 48 40 42 46 44 42 46 44 42 50 44 38 40 48 36 38 40 42 48 46 42 48 40 38 46
 56 62 58 58 0 60 70 60 58 62 68 68 56 54 66 64 56 56 58 60 60 58 58 70 66 54 66 66 58 60 64 62 60 64 62 60 68 62 56 58 66 54 56 58 60 66 64 60 66 58 56 64
 44 50 46 46 52 0 58 48 46 50 56 56 44 42 54 52 44 44 46 48 48 46 46 58 54 42 54 54 46 48 52 50 48 52 50 48 56 50 44 46 54 42 44 46 48 54 52 48 54 46 44 52
 74 80 76 76 82 78 0 78 76 80 86 86 74 72 84 82 74 74 76 78 78 76 76 88 84 72 84 84 76 78 82 80 78 82 80 78 86 80 74 76 84 72 74 76 78 84 82 78 84 76 74 82
 44 50 46 46 52 48 58 0 46 50 56 56 44 42 54 52 44 44 46 48 48 46 46 58 54 42 54 54 46 48 52 50 48 52 50 48 56 50 44 46 54 42 44 46 48 54 52 48 54 46 44 52
 38 44 40 40 46 42 52 42 0 44 50 50 38 36 48 46 38 38 40 42 42 40 40 52 48 36 48 48 40 42 46 44 42 46 44 42 50 44 38 40 48 36 38 40 42 48 46 42 48 40 38 46
 50 56 52 52 58 54 64 54 52 0 62 62 50 48 60 58 50 50 52 54 54 52 52 64 60 48 60 60 52 54 58 56 54 58 56 54 62 56 50 52 60 48 50 52 54 60 58 54 60 52 50 58
 68 74 70 70 76 72 82 72 70 74 0 80 68 66 78 76 68 68 70 72 72 70 70 82 78 66 78 78 70 72 76 74 72 76 74 72 80 74 68 70 78 66 68 70 72 78 76 72 78 70 68 76
 68 74 70 70 76 72 82 72 70 74 80 0 68 66 78 76 68 68 70 72 72 70 70 82 78 66 78 78 70 72 76 74 72 76 74 72 80 74 68 70 78 66 68 70 72 78 76 72 78 70 68 76
 32 38 34 34 40 36 46 36 34 38 44 44 0 30 42 40 32 32 34 36 36 34 34 46 42 30 42 42 34 36 40 38 36 40 38 36 44 38 32 34 42 30 32 34 36 42 40 36 42 34 32 40
 26 32 28 28 34 30 40 30 28 32 38 38 26 0 36 34 26 26 28 30 30 28 28 40 36 24 36 36 28 30 34 32 30 34 32 30 38 32 26 28 36 24 26 28 30 36 34 30 36 28 26 34
 62 68 64 64 70 66 76 66 64 68 74 74 62 60 0 70 62 62 64 66 66 64 64 76 72 60 72 72 64 66 70 68 66 70 68 66 74 68 62 64 72 60 62 64 66 72 70 66 72 64 62 70
 56 62 58 58 64 60 70 60 58 62 68 68 56 54 66 0 56 56 58 60 60 58 58 70 66 54 66 66 58 60 64 62 60 64 62 60 68 62 56 58 66 54 56 58 60 66 64 60 66 58 56 64
 32 38 34 34 40 36 46 36 34 38 44 44 32 30 42 40 0 32 34 36 36 34 34 46 42 30 42 42 34 36 40 38 36 40 38 36 44 38 32 34 42 30 32 34 36 42 40 36 42 34 32 40
 32 38 34 34 40 36 46 36 34 38 44 44 32 30 42 40 32 0 34 36 36 34 34 46 42 30 42 42 34 36 40 38 36 40 38 36 44 38 32 34 42 30 32 34 36 42 40 36 42 34 32 40
 38 44 40 40 46 42 52 42 40 44 50 50 38 36 48 46 38 38 0 42 42 40 40 52 48 36 48 48 40 42 46 44 42 46 44 42 50 44 38 40 48 36 38 40 42 48 46 42 48 40 38 46
 44 50 46 46 52 48 58 48 46 50 56 56 44 42 54 52 44 44 46 0 48 46 46 58 54 42 54 54 46 48 52 50 48 52 50 48 56 50 44 46 54 42 44 46 48 54 52 48 54 46 44 52
 44 50 46 46 52 48 58 48 46 50 56 56 44 42 54 52 44 44 46 48 0 46 46 58 54 42 54 54 46 48 52 50 48 52 50 48 56 50 44 46 54 42 44 46 48 54 52 48 54 46 44 52
 38 44 40 40 46 42 52 42 40 44 50 50 38 36 48 46 38 38 40 42 42 0 40 52 48 36 48 48 40 42 46 44 42 46 44 42 50 44 38 40 48 36 38 40 42 48 46 42 48 40 38 46
 38 44 40 40 46 42 52 42 40 44 50 50 38 36 48 46 38 38 40 42 42 40 0 52 48 36 48 48 40 42 46 44 42 46 44 42 50 44 38 40 48 36 38 40 42 48 46 42 48 40 38 46
 74 80 76 76 82 78 88 78 76 80 86 86 74 72 84 82 74 74 76 78 78 76 76 0 84 72 84 84 76 78 82 80 78 82 80 78 86 80 74 76 84 72 74 76 78 84 82 78 84 76 74 82
 62 68 64 64 70 66 76 66 64 68 74 74 62 60 72 70 62 62 64 66 66 64 64 76 0 60 72 72 64 66 70 68 66 70 68 66 74 68 62 64 72 60 62 64 66 72 70 66 72 64 62 70
 26 32 28 28 34 30 40 30 28 32 38 38 26 24 36 34 26 26 28 30 30 28 28 40 36 0 36 36 28 30 34 32 30 34 32 30 38 32 26 28 36 24 26 28 30 36 34 30 36 28 26 34
 62 68 64 64 70 66 76 66 64 68 74 74 62 60 72 70 62 62 64 66 66 64 64 76 72 60 0 72 64 66 70 68 66 70 68 66 74 68 62 64 72 60 62 64 66 72 70 66 72 64 62 70
 62 68 64 64 70 66 76 66 64 68 74 74 62 60 72 70 62 62 64 66 66 64 64 76 72 60 72 0 64 66 70 68 66 70 68 66 74 68 62 64 72 60 62 64 66 72 70 66 72 64 62 70
 38 44 40 40 46 42 52 42 40 44 50 50 38 36 48 46 38 38 40 42 42 40 40 52 48 36 48 48 0 42 46 44 42 46 44 42 50 44 38 40 48 36 38 40 42 48 46 42 48 40 38 46
 44 50 46 46 52 48 58 48 46 50 56 56 44 42 54 52 44 44 46 48 48 46 46 58 54 42 54 54 46 0 52 50 48 52 50 48 56 50 44 46 54 42 44 46 48 54 52 48 54 46 44 52
 56 62 58 58 64 60 70 60 58 62 68 68 56 54 66 64 56 56 58 60 60 58 58 70 66 54 66 66 58 60 0 62 60 64 62 60 68 62 56 58 66 54 56 58 60 66 64 60 66 58 56 64
 50 56 52 52 58 54 64 54 52 56 62 62 50 48 60 58 50 50 52 54 54 52 52 64 60 48 60 60 52 54 58 0 54 58 56 54 62 56 50 52 60 48 50 52 54 60 58 54 60 52 50 58
 44 50 46 46 52 48 58 48 46 50 56 56 44 42 54 52 44 44 46 48 48 46 46 58 54 42 54 54 46 48 52 50 0 52 50 48 56 50 44 46 54 42 44 46 48 54 52 48 54 46 44 52
 56 62 58 58 64 60 70 60 58 62 68 68 56 54 66 64 56 56 58 60 60 58 58 70 66 54 66 66 58 60 64 62 60 0 62 60 68 62 56 58 66 54 56 58 60 66 64 60 66 58 56 64
 50 56 52 52 58 54 64 54 52 56 62 62 50 48 60 58 50 50 52 54 54 52 52 64 60 48 60 60 52 54 58 56 54 58 0 54 62 56 50 52 60 48 50 52 54 60 58 54 60 52 50 58
 44 50 46 46 52 48 58 48 46 50 56 56 44 42 54 52 44 44 46 48 48 46 46 58 54 42 54 54 46 48 52 50 48 52 50 0 56 50 44 46 54 42 44 46 48 54 52 48 54 46 44 52
 68 74 70 70 76 72 82 72 70 74 80 80 68 66 78 76 68 68 70 72 72 70 70 82 78 66 78 78 70 72 76 74 72 76 74 72 0 74 68 70 78 66 68 70 72 78 76 72 78 70 68 76
 50 56 52 52 58 54 64 54 52 56 62 62 50 48 60 58 50 50 52 54 54 52 52 64 60 48 60 60 52 54 58 56 54 58 56 54 62 0 50 52 60 48 50 52 54 60 58 54 60 52 50 58
 32 38 34 34 40 36 46 36 34 38 44 44 32 30 42 40 32 32 34 36 36 34 34 46 42 30 42 42 34 36 40 38 36 40 38 36 44 38 0 34 42 30 32 34 36 42 40 36 42 34 32 40
 38 44 40 40 46 42 52 42 40 44 50 50 38 36 48 46 38 38 40 42 42 40 40 52 48 36 48 48 40 42 46 44 42 46 44 42 50 44 38 0 48 36 38 40 42 48 46 42 48 40 38 46
 62 68 64 64 70 66 76 66 64 68 74 74 62 60 72 70 62 62 64 66 66 64 64 76 72 60 72 72 64 66 70 68 66 70 68 66 74 68 62 64 0 60 62 64 66 72 70 66 72 64 62 70
 26 32 28 28 34 30 40 30 28 32 38 38 26 24 36 34 26 26 28 30 30 28 28 40 36 24 36 36 28 30 34 32 30 34 32 30 38 32 26 28 36 0 26 28 30 36 34 30 36 28 26 34
 32 38 34 34 40 36 46 36 34 38 44 44 32 30 42 40 32 32 34 36 36 34 34 46 42 30 42 42 34 36 40 38 36 40 38 36 44 38 32 34 42 30 0 34 36 42 40 36 42 34 32 40
 38 44 40 40 46 42 52 42 40 44 50 50 38 36 48 46 38 38 40 42 42 40 40 52 48 36 48 48 40 42 46 44 42 46 44 42 50 44 38 40 48 36 38 0 42 48 46 42 48 40 38 46
 44 50 46 46 52 48 58 48 46 50 56 56 44 42 54 52 44 44 46 48 48 46 46 58 54 42 54 54 46 48 52 50 48 52 50 48 56 50 44 46 54 42 44 46 0 54 52 48 54 46 44 52
 62 68 64 64 70 66 76 66 64 68 74 74 62 60 72 70 62 62 64 66 66 64 64 76 72 60 72 72 64 66 70 68 66 70 68 66 74 68 62 64 72 60 62 64 66 0 70 66 72 64 62 70
 56 62 58 58 64 60 70 60 58 62 68 68 56 54 66 64 56 56 58 60 60 58 58 70 66 54 66 66 58 60 64 62 60 64 62 60 68 62 56 58 66 54 56 58 60 66 0 60 66 58 56 64
 44 50 46 46 52 48 58 48 46 50 56 56 44 42 54 52 44 44 46 48 48 46 46 58 54 42 54 54 46 48 52 50 48 52 50 48 56 50 44 46 54 42 44 46 48 54 52 0 54 46 44 52
 62 68 64 64 70 66 76 66 64 68 74 74 62 60 72 70 62 62 64 66 66 64 64 76 72 60 72 72 64 66 70 68 66 70 68 66 74 68 62 64 72 60 62 64 66 72 70 66 0 64 62 70
 38 44 40 40 46 42 52 42 40 44 50 50 38 36 48 46 38 38 40 42 42 40 40 52 48 36 48 48 40 42 46 44 42 46 44 42 50 44 38 40 48 36 38 40 42 48 46 42 48 0 38 46
 32 38 34 34 40 36 46 36 34 38 44 44 32 30 42 40 32 32 34 36 36 34 34 46 42 30 42 42 34 36 40 38 36 40 38 36 44 38 32 34 42 30 32 34 36 42 40 36 42 34 0 40
 56 62 58 58 64 60 70 60 58 62 68 68 56 54 66 64 56 56 58 60 60 58 58 70 66 54 66 66 58 60 64 62 60 64 62 60 68 62 56 58 66 54 56 58 60 66 64 60 66 58 56 0

 0 74 72 72 78 74 72 70 68 66 70 68 66 68 76 78 80 78 72 80 80 78 72 70 72 76 72 78 66 80 72 78 68 76 68 78 66 70 68 66 78 76 72 82 74 80 80 78 78 82 68 82
 62 0 54 54 60 56 54 52 50 48 52 50 48 50 58 60 62 60 54 62 62 60 54 52 54 58 54 60 48 62 54 60 50 58 50 60 48 52 50 48 60 58 54 64 56 62 62 60 60 64 50 64
 56 50 0 48 54 50 48 46 44 42 46 44 42 44 52 54 56 54 48 56 56 54 48 46 48 52 48 54 42 56 48 54 44 52 44 54 42 46 44 42 54 52 48 58 50 56 56 54 54 58 44 58
 56 50 48 0 54 50 48 46 44 42 46 44 42 44 52 54 56 54 48 56 56 54 48 46 48 52 48 54 42 56 48 54 44 52 44 54 42 46 44 42 54 52 48 58 50 56 56 54 54 58 44 58
 74 68 66 66 0 68 66 64 62 60 64 62 60 62 70 72 74 72 66 74 74 72 66 64 66 70 66 72 60 74 66 72 62 70 62 72 60 64 62 60 72 70 66 76 68 74 74 72 72 76 62 76
 62 56 54 54 60 0 54 52 50 48 52 50 48 50 58 60 62 60 54 62 62 60 54 52 54 58 54 60 48 62 54 60 50 58 50 60 48 52 50 48 60 58 54 64 56 62 62 60 60 64 50 64
 56 50 48 48 54 50 0 46 44 42 46 44 42 44 52 54 56 54 48 56 56 54 48 46 48 52 48 54 42 56 48 54 44 52 44 54 42 46 44 42 54 52 48 58 50 56 56 54 54 58 44 58
 50 44 42 42 48 44 42 0 38 36 40 38 36 38 46 48 50 48 42 50 50 48 42 40 42 46 42 48 36 50 42 48 38 46 38 48 36 40 38 36 48 46 42 52 44 50 50 48 48 52 38 52
 44 38 36 36 42 38 36 34 0 30 34 32 30 32 40 42 44 42 36 44 44 42 36 34 36 40 36 42 30 44 36 42 32 40 32 42 30 34 32 30 42 40 36 46 38 44 44 42 42 46 32 46
 38 32 30 30 36 32 30 28 26 0 28 26 24 26 34 36 38 36 30 38 38 36 30 28 30 34 30 36 24 38 30 36 26 34 26 36 24 28 26 24 36 34 30 40 32 38 38 36 36 40 26 40
 50 44 42 42 48 44 42 40 38 36 0 38 36 38 46 48 50 48 42 50 50 48 42 40 42 46 42 48 36 50 42 48 38 46 38 48 36 40 38 36 48 46 42 52 44 50 50 48 48 52 38 52
 44 38 36 36 42 38 36 34 32 30 34 0 30 32 40 42 44 42 36 44 44 42 36 34 36 40 36 42 30 44 36 42 32 40 32 42 30 34 32 30 42 40 36 46 38 44 44 42 42 46 32 46
 38 32 30 30 36 32 30 28 26 24 28 26 0 26 34 36 38 36 30 38 38 36 30 28 30 34 30 36 24 38 30 36 26 34 26 36 24 28 26 24 36 34 30 40 32 38 38 36 36 40 26 40
 44 38 36 36 42 38 36 34 32 30 34 32 30 0 40 42 44 42 36 44 44 42 36 34 36 40 36 42 30 44 36 42 32 40 32 42 30 34 32 30 42 40 36 46 38 44 44 42 42 46 32 46
 68 62 60 60 66 62 60 58 56 54 58 56 54 56 0 66 68 66 60 68 68 66 60 58 60 64 60 66 54 68 60 66 56 64 56 66 54 58 56 54 66 64 60 70 62 68 68 66 66 70 56 70
 74 68 66 66 72 68 66 64 62 60 64 62 60 62 70 0 74 72 66 74 74 72 66 64 66 70 66 72 60 74 66 72 62 70 62 72 60 64 62 60 72 70 66 76 68 74 74 72 72 76 62 76
 80 74 72 72 78 74 72 70 68 66 70 68 66 68 76 78 0 78 72 80 80 78 72 70 72 76 72 78 66 80 72 78 68 76 68 78 66 70 68 66 78 76 72 82 74 80 80 78 78 82 68 82
 74 68 66 66 72 68 66 64 62 60 64 62 60 62 70 72 74 0 66 74 74 72 66 64 66 70 66 72 60 74 66 72 62 70 62 72 60 64 62 60 72 70 66 76 68 74 74 72 72 76 62 76
 56 50 48 48 54 50 48 46 44 42 46 44 42 44 52 54 56 54 0 56 56 54 48 46 48 52 48 54 42 56 48 54 44 52 44 54 42 46 44 42 54 52 48 58 50 56 56 54 54 58 44 58
 80 74 72 72 78 74 72 70 68 66 70 68 66 68 76 78 80 78 72 0 80 78 72 70 72 76 72 78 66 80 72 78 68 76 68 78 66 70 68 66 78 76 72 82 74 80 80 78 78 82 68 82
 80 74 72 72 78 74 72 70 68 66 70 68 66 68 76 78 80 78 72 80 0 78 72 70 72 76 72 78 66 80 72 78 68 76 68 78 66 70 68 66 78 76 72 82 74 80 80 78 78 82 68 82
 74 68 66 66 72 68 66 64 62 60 64 62 60 62 70 72 74 72 66 74 74 0 66 64 66 70 66 72 60 74 66 72 62 70 62 72 60 64 62 60 72 70 66 76 68 74 74 72 72 76 62 76
 56 50 48 48 54 50 48 46 44 42 46 44 42 44 52 54 56 54 48 56 56 54 0 46 48 52 48 54 42 56 48 54 44 52 44 54 42 46 44 42 54 52 48 58 50 56 56 54 54 58 44 58
 50 44 42 42 48 44 42 40 38 36 40 38 36 38 46 48 50 48 42 50 50 48 42 0 42 46 42 48 36 50 42 48 38 46 38 48 36 40 38 36 48 46 42 52 44 50 50 48 48 52 38 52
 56 50 48 48 54 50 48 46 44 42 46 44 42 44 52 54 56 54 48 56 56 54 48 46 0 52 48 54 42 56 48 54 44 52 44 54 42 46 44 42 54 52 48 58 50 56 56 54 54 58 44 58
 68 62 60 60 66 62 60 58 56 54 58 56 54 56 64 66 68 66 60 68 68 66 60 58 60 0 60 66 54 68 60 66 56 64 56 66 54 58 56 54 66 64 60 70 62 68 68 66 66 70 56 70
 56 50 48 48 54 50 48 46 44 42 46 44 42 44 52 54 56 54 48 56 56 54 48 46 48 52 0 54 42 56 48 54 44 52 44 54 42 46 44 42 54 52 48 58 50 56 56 54 54 58 44 58
 74 68 66 66 72 68 66 64 62 60 64 62 60 62 70 72 74 72 66 74 74 72 66 64 66 70 66 0 60 74 66 72 62 70 62 72 60 64 62 60 72 70 66 76 68 74 74 72 72 76 62 76
 38 32 30 30 36 32 30 28 26 24 28 26 24 26 34 36 38 36 30 38 38 36 30 28 30 34 30 36 0 38 30 36 26 34 26 36 24 28 26 24 36 34 30 40 32 38 38 36 36 40 26 40
 80 74 72 72 78 74 72 70 68 66 70 68 66 68 76 78 80 78 72 80 80 78 72 70 72 76 72 78 66 0 72 78 68 76 68 78 66 70 68 66 78 76 72 82 74 80 80 78 78 82 68 82
 56 50 48 48 54 50 48 46 44 42 46 44 42 44 52 54 56 54 48 56 56 54 48 46 48 52 48 54 42 56 0 54 44 52 44 54 42 46 44 42 54 52 48 58 50 56 56 54 54 58 44 58
 74 68 66 66 72 68 66 64 62 60 64 62 60 62 70 72 74 72 66 74 74 72 66 64 66 70 66 72 60 74 66 0 62 70 62 72 60 64 62 60 72 70 66 76 68 74 74 72 72 76 62 76
 44 38 36 36 42 38 36 34 32 30 34 32 30 32 40 42 44 42 36 44 44 42 36 34 36 40 36 42 30 44 36 42 0 40 32 42 30 34 32 30 42 40 36 46 38 44 44 42 42 46 32 46
 68 62 60 60 66 62 60 58 56 54 58 56 54 56 64 66 68 66 60 68 68 66 60 58 60 64 60 66 54 68 60 66 56 0 56 66 54 58 56 54 66 64 60 70 62 68 68 66 66 70 56 70
 44 38 36 36 42 38 36 34 32 30 34 32 30 32 40 42 44 42 36 44 44 42 36 34 36 40 36 42 30 44 36 42 32 40 0 42 30 34 32 30 42 40 36 46 38 44 44 42 42 46 32 46
 74 68 66 66 72 68 66 64 62 60 64 62 60 62 70 72 74 72 66 74 74 72 66 64 66 70 66 72 60 74 66 72 62 70 62 0 60 64 62 60 72 70 66 76 68 74 74 72 72 76 62 76
 38 32 30 30 36 32 30 28 26 24 28 26 24 26 34 36 38 36 30 38 38 36 30 28 30 34 30 36 24 38 30 36 26 34 26 36 0 28 26 24 36 34 30 40 32 38 38 36 36 40 26 40
 50 44 42 42 48 44 42 40 38 36 40 38 36 38 46 48 50 48 42 50 50 48 42 40 42 46 42 48 36 50 42 48 38 46 38 48 36 0 38 36 48 46 42 52 44 50 50 48 48 52 38 52
 44 38 36 36 42 38 36 34 32 30 34 32 30 32 40 42 44 42 36 44 44 42 36 34 36 40 36 42 30 44 36 42 32 40 32 42 30 34 0 30 42 40 36 46 38 44 44 42 42 46 32 46
 38 32 30 30 36 32 30 28 26 24 28 26 24 26 34 36 38 36 30 38 38 36 30 28 30 34 30 36 24 38 30 36 26 34 26 36 24 28 26 0 36 34 30 40 32 38 38 36 36 40 26 40
 74 68 66 66 72 68 66 64 62 60 64 62 60 62 70 72 74 72 66 74 74 72 66 64 66 70 66 72 60 74 66 72 62 70 62 72 60 64 62 60 0 70 66 76 68 74 74 72 72 76 62 76
 68 62 60 60 66 62 60 58 56 54 58 56 54 56 64 66 68 66 60 68 68 66 60 58 60 64 60 66 54 68 60 66 56 64 56 66 54 58 56 54 66 0 60 70 62 68 68 66 66 70 56 70
 56 50 48 48 54 50 48 46 44 42 46 44 42 44 52 54 56 54 48 56 56 54 48 46 48 52 48 54 42 56 48 54 44 52 44 54 42 46 44 42 54 52 0 58 50 56 56 54 54 58 44 58
 86 80 78 78 84 80 78 76 74 72 76 74 72 74 82 84 86 84 78 86 86 84 78 76 78 82 78 84 72 86 78 84 74 82 74 84 72 76 74 72 84 82 78 0 80 86 86 84 84 88 74 88
 62 56 54 54 60 56 54 52 50 48 52 50 48 50 58 60 62 60 54 62 62 60 54 52 54 58 54 60 48 62 54 60 50 58 50 60 48 52 50 48 60 58 54 64 0 62 62 60 60 64 50 64
 80 74 72 72 78 74 72 70 68 66 70 68 66 68 76 78 80 78 72 80 80 78 72 70 72 76 72 78 66 80 72 78 68 76 68 78 66 70 68 66 78 76 72 82 74 0 80 78 78 82 68 82
 80 74 72 72 78 74 72 70 68 66 70 68 66 68 76 78 80 78 72 80 80 78 72 70 72 76 72 78 66 80 72 78 68 76 68 78 66 70 68 66 78 76 72 82 74 80 0 78 78 82 68 82
 74 68 66 66 72 68 66 64 62 60 64 62 60 62 70 72 74 72 66 74 74 72 66 64 66 70 66 72 60 74 66 72 62 70 62 72 60 64 62 60 72 70 66 76 68 74 74 0 72 76 62 76
 74 68 66 66 72 68 66 64 62 60 64 62 60 62 70 72 74 72 66 74 74 72 66 64 66 70 66 72 60 74 66 72 62 70 62 72 60 64 62 60 72 70 66 76 68 74 74 72 0 76 62 76
 86 80 78 78 84 80 78 76 74 72 76 74 72 74 82 84 86 84 78 86 86 84 78 76 78 82 78 84 72 86 78 84 74 82 74 84 72 76 74 72 84 82 78 88 80 86 86 84 84 0 74 88
 44 38 36 36 42 38 36 34 32 30 34 32 30 32 40 42 44 42 36 44 44 42 36 34 36 40 36 42 30 44 36 42 32 40 32 42 30 34 32 30 42 40 36 46 38 44 44 42 42 46 0 46
 86 80 78 78 84 80 78 76 74 72 76 74 72 74 82 84 86 84 78 86 86 84 78 76 78 82 78 84 72 86 78 84 74 82 74 84 72 76 74 72 84 82 78 88 80 86 86 84 84 88 74 0

 0 28 36 38 38 26 36 28 32 38 36 38 28 28 28 32 28 38 24 24 38 34 24 40 28 40 26 26 34 34 32 40 26 26 32 34 34 38 26 32 26 24 40 40 28 40 30 38 38 26 30 38
 36 0 48 50 50 38 48 40 44 50 48 50 40 40 40 44 40 50 36 36 50 46 36 52 40 52 38 38 46 46 44 52 38 38 44 46 46 50 38 44 38 36 52 52 40 52 42 50 50 38 42 50
 60 64 0 74 74 62 72 64 68 74 72 74 64 64 64 68 64 74 60 60 74 70 60 76 64 76 62 62 70 70 68 76 62 62 68 70 70 74 62 68 62 60 76 76 64 76 66 74 74 62 66 74
 66 70 78 0 80 68 78 70 74 80 78 80 70 70 70 74 70 80 66 66 80 76 66 82 70 82 68 68 76 76 74 82 68 68 74 76 76 80 68 74 68 66 82 82 70 82 72 80 80 68 72 80
 66 70 78 80 0 68 78 70 74 80 78 80 70 70 70 74 70 80 66 66 80 76 66 82 70 82 68 68 76 76 74 82 68 68 74 76 76 80 68 74 68 66 82 82 70 82 72 80 80 68 72 80
 30 34 42 44 44 0 42 34 38 44 42 44 34 34 34 38 34 44 30 30 44 40 30 46 34 46 32 32 40 40 38 46 32 32 38 40 40 44 32 38 32 30 46 46 34 46 36 44 44 32 36 44
 60 64 72 74 74 62 0 64 68 74 72 74 64 64 64 68 64 74 60 60 74 70 60 76 64 76 62 62 70 70 68 76 62 62 68 70 70 74 62 68 62 60 76 76 64 76 66 74 74 62 66 74
 36 40 48 50 50 38 48 0 44 50 48 50 40 40 40 44 40 50 36 36 50 46 36 52 40 52 38 38 46 46 44 52 38 38 44 46 46 50 38 44 38 36 52 52 40 52 42 50 50 38 42 50
 48 52 60 62 62 50 60 52 0 62 60 62 52 52 52 56 52 62 48 48 62 58 48 64 52 64 50 50 58 58 56 64 50 50 56 58 58 62 50 56 50 48 64 64 52 64 54 62 62 50 54 62
 66 70 78 80 80 68 78 70 74 0 78 80 70 70 70 74 70 80 66 66 80 76 66 82 70 82 68 68 76 76 74 82 68 68 74 76 76 80 68 74 68 66 82 82 70 82 72 80 80 68 72 80
 60 64 72 74 74 62 72 64 68 74 0 74 64 64 64 68 64 74 60 60 74 70 60 76 64 76 62 62 70 70 68 76 62 62 68 70 70 74 62 68 62 60 76 76 64 76 66 74 74 62 66 74
 66 70 78 80 80 68 78 70 74 80 78 0 70 70 70 74 70 80 66 66 80 76 66 82 70 82 68 68 76 76 74 82 68 68 74 76 76 80 68 74 68 66 82 82 70 82 72 80 80 68 72 80
 36 40 48 50 50 38 48 40 44 50 48 50 0 40 40 44 40 50 36 36 50 46 36 52 40 52 38 38 46 46 44 52 38 38 44 46 46 50 38 44 38 36 52 52 40 52 42 50 50 38 42 50
 36 40 48 50 50 38 48 40 44 50 48 50 40 0 40 44 40 50 36 36 50 46 36 52 40 52 38 38 46 46 44 52 38 38 44 46 46 50 38 44 38 36 52 52 40 52 42 50 50 38 42 50
 36 40 48 50 50 38 48 40 44 50 48 50 40 40 0 44 40 50 36 36 50 46 36 52 40 52 38 38 46 46 44 52 38 38 44 46 46 50 38 44 38 36 52 52 40 52 42 50 50 38 42 50
 48 52 60 62 62 50 60 52 56 62 60 62 52 52 52 0 52 62 48 48 62 58 48 64 52 64 50 50 58 58 56 64 50 50 56 58 58 62 50 56 50 48 64 64 52 64 54 62 62 50 54 62
 36 40 48 50 50 38 48 40 44 50 48 50 40 40 40 44 0 50 36 36 50 46 36 52 40 52 38 38 46 46 44 52 38 38 44 46 46 50 38 44 38 36 52 52 40 52 42 50 50 38 42 50
 66 70 78 80 80 68 78 70 74 80 78 80 70 70 70 74 70 0 66 66 80 76 66 82 70 82 68 68 76 76 74 82 68 68 74 76 76 80 68 74 68 66 82 82 70 82 72 80 80 68 72 80
 24 28 36 38 38 26 36 28 32 38 36 38 28 28 28 32 28 38 0 24 38 34 24 40 28 40 26 26 34 34 32 40 26 26 32 34 34 38 26 32 26 24 40 40 28 40 30 38 38 26 30 38
 24 28 36 38 38 26 36 28 32 38 36 38 28 28 28 32 28 38 24 0 38 34 24 40 28 40 26 26 34 34 32 40 26 26 32 34 34 38 26 32 26 24 40 40 28 40 30 38 38 26 30 38
 66 70 78 80 80 68 78 70 74 80 78 80 70 70 70 74 70 80 66 66 0 76 66 82 70 82 68 68 76 76 74 82 68 68 74 76 76 80 68 74 68 66 82 82 70 82 72 80 80 68 72 80
 54 58 66 68 68 56 66 58 62 68 66 68 58 58 58 62 58 68 54 54 68 0 54 70 58 70 56 56 64 64 62 70 56 56 62 64 64 68 56 62 56 54 70 70 58 70 60 68 68 56 60 68
 24 28 36 38 38 26 36 28 32 38 36 38 28 28 28 32 28 38 24 24 38 34 0 40 28 40 26 26 34 34 32 40 26 26 32 34 34 38 26 32 26 24 40 40 28 40 30 38 38 26 30 38
 72 76 84 86 86 74 84 76 80 86 84 86 76 76 76 80 76 86 72 72 86 82 72 0 76 88 74 74 82 82 80 88 74 74 80 82 82 86 74 80 74 72 88 88 76 88 78 86 86 74 78 86
 36 40 48 50 50 38 48 40 44 50 48 50 40 40 40 44 40 50 36 36 50 46 36 52 0 52 38 38 46 46 44 52 38 38 44 46 46 50 38 44 38 36 52 52 40 52 42 50 50 38 42 50
 72 76 84 86 86 74 84 76 80 86 84 86 76 76 76 80 76 86 72 72 86 82 72 88 76 0 74 74 82 82 80 88 74 74 80 82 82 86 74 80 74 72 88 88 76 88 78 86 86 74 78 86
 30 34 42 44 44 32 42 34 38 44 42 44 34 34 34 38 34 44 30 30 44 40 30 46 34 46 0 32 40 40 38 46 32 32 38 40 40 44 32 38 32 30 46 46 34 46 36 44 44 32 36 44
 30 34 42 44 44 32 42 34 38 44 42 44 34 34 34 38 34 44 30 30 44 40 30 46 34 46 32 0 40 40 38 46 32 32 38 40 40 44 32 38 32 30 46 46 34 46 36 44 44 32 36 44
 54 58 66 68 68 56 66 58 62 68 66 68 58 58 58 62 58 68 54 54 68 64 54 70 58 70 56 56 0 64 62 70 56 56 62 64 64 68 56 62 56 54 70 70 58 70 60 68 68 56 60 68
 54 58 66 68 68 56 66 58 62 68 66 68 58 58 58 62 58 68 54 54 68 64 54 70 58 70 56 56 64 0 62 70 56 56 62 64 64 68 56 62 56 54 70 70 58 70 60 68 68 56 60 68
 48 52 60 62 62 50 60 52 56 62 60 62 52 52 52 56 52 62 48 48 62 58 48 64 52 64 50 50 58 58 0 64 50 50 56 58 58 62 50 56 50 48 64 64 52 64 54 62 62 50 54 62
 72 76 84 86 86 74 84 76 80 86 84 86 76 76 76 80 76 86 72 72 86 82 72 88 76 88 74 74 82 82 80 0 74 74 80 82 82 86 74 80 74 72 88 88 76 88 78 86 86 74 78 86
 30 34 42 44 44 32 42 34 38 44 42 44 34 34 34 38 34 44 30 30 44 40 30 46 34 46 32 32 40 40 38 46 0 32 38 40 40 44 32 38 32 30 46 46 34 46 36 44 44 32 36 44
 30 34 42 44 44 32 42 34 38 44 42 44 34 34 34 38 34 44 30 30 44 40 30 46 34 46 32 32 40 40 38 46 32 0 38 40 40 44 32 38 32 30 46 46 34 46 36 44 44 32 36 44
 48 52 60 62 62 50 60 52 56 62 60 62 52 52 52 56 52 62 48 48 62 58 48 64 52 64 50 50 58 58 56 64 50 50 0 58 58 62 50 56 50 48 64 64 52 64 54 62 62 50 54 62
 54 58 66 68 68 56 66 58 62 68 66 68 58 58 58 62 58 68 54 54 68 64 54 70 58 70 56 56 64 64 62 70 56 56 62 0 64 68 56 62 56 54 70 70 58 70 60 68 68 56 60 68
 54 58 66 68 68 56 66 58 62 68 66 68 58 58 58 62 58 68 54 54 68 64 54 70 58 70 56 56 64 64 62 70 56 56 62 64 0 68 56 62 56 54 70 70 58 70 60 68 68 56 60 68
 66 70 78 80 80 68 78 70 74 80 78 80 70 70 70 74 70 80 66 66 80 76 66 82 70 82 68 68 76 76 74 82 68 68 74 76 76 0 68 74 68 66 82 82 70 82 72 80 80 68 72 80
 30 34 42 44 44 32 42 34 38 44 42 44 34 34 34 38 34 44 30 30 44 40 30 46 34 46 32 32 40 40 38 46 32 32 38 40 40 44 0 38 32 30 46 46 34 46 36 44 44 32 36 44
 48 52 60 62 62 50 60 52 56 62 60 62 52 52 52 56 52 62 48 48 62 58 48 64 52 64 50 50 58 58 56 64 50 50 56 58 58 62 50 0 50 48 64 64 52 64 54 62 62 50 54 62
 30 34 42 44 44 32 42 34 38 44 42 44 34 34 34 38 34 44 30 30 44 40 30 46 34 46 32 32 40 40 38 46 32 32 38 40 40 44 32 38 0 30 46 46 34 46 36 44 44 32 36 44
 24 28 36 38 38 26 36 28 32 38 36 38 28 28 28 32 28 38 24 24 38 34 24 40 28 40 26 26 34 34 32 40 26 26 32 34 34 38 26 32 26 0 40 40 28 40 30 38 38 26 30 38
 72 76 84 86 86 74 84 76 80 86 84 86 76 76 76 80 76 86 72 72 86 82 72 88 76 88 74 74 82 82 80 88 74 74 80 82 82 86 74 80 74 72 0 88 76 88 78 86 86 74 78 86
 72 76 84 86 86 74 84 76 80 86 84 86 76 76 76 80 76 86 72 72 86 82 72 88 76 88 74 74 82 82 80 88 74 74 80 82 82 86 74 80 74 72 88 0 76 88 78 86 86 74 78 86
 36 40 48 50 50 38 48 40 44 50 48 50 40 40 40 44 40 50 36 36 50 46 36 52 40 52 38 38 46 46 44 52 38 38 44 46 46 50 38 44 38 36 52 52 0 52 42 50 50 38 42 50
 72 76 84 86 86 74 84 76 80 86 84 86 76 76 76 80 76 86 72 72 86 82 72 88 76 88 74 74 82 82 80 88 74 74 80 82 82 86 74 80 74 72 88 88 76 0 78 86 86 74 78 86
 42 46 54 56 56 44 54 46 50 56 54 56 46 46 46 50 46 56 42 42 56 52 42 58 46 58 44 44 52 52 50 58 44 44 50 52 52 56 44 50 44 42 58 58 46 58 0 56 56 44 48 56
 66 70 78 80 80 68 78 70 74 80 78 80 70 70 70 74 70 80 66 66 80 76 66 82 70 82 68 68 76 76 74 82 68 68 74 76 76 80 68 74 68 66 82 82 70 82 72 0 80 68 72 80
 66 70 78 80 80 68 78 70 74 80 78 80 70 70 70 74 70 80 66 66 80 76 66 82 70 82 68 68 76 76 74 82 68 68 74 76 76 80 68 74 68 66 82 82 70 82 72 80 0 68 72 80
 30 34 42 44 44 32 42 34 38 44 42 44 34 34 34 38 34 44 30 30 44 40 30 46 34 46 32 32 40 40 38 46 32 32 38 40 40 44 32 38 32 30 46 46 34 46 36 44 44 0 36 44
 42 46 54 56 56 44 54 46 50 56 54 56 46 46 46 50 46 56 42 42 56 52 42 58 46 58 44 44 52 52 50 58 44 44 50 52 52 56 44 50 44 42 58 58 46 58 48 56 56 44 0 56
 66 70 78 80 80 68 78 70 74 80 78 80 70 70 70 74 70 80 66 66 80 76 66 82 70 82 68 68 76 76 74 82 68 68 74 76 76 80 68 74 68 66 82 82 70 82 72 80 80 68 72 0

 0 74 72 86 72 74 82 84 84 86 84 86 76 80 72 80 86 74 88 76 78 74 74 82 84 86 82 80 86 86 72 80 80 72 72 88 74 74 74 76 78 88 86 88 74 72 72 88 88 78 80 86
 46 0 30 44 30 32 40 42 42 44 42 44 34 38 30 38 44 32 46 34 36 32 32 40 42 44 40 38 44 44 30 38 38 30 30 46 32 32 32 34 36 46 44 46 32 30 30 46 46 36 38 44
 40 26 0 38 24 26 34 36 36 38 36 38 28 32 24 32 38 26 40 28 30 26 26 34 36 38 34 32 38 38 24 32 32 24 24 40 26 26 26 28 30 40 38 40 26 24 24 40 40 30 32 38
 82 68 66 0 66 68 76 78 78 80 78 80 70 74 66 74 80 68 82 70 72 68 68 76 78 80 76 74 80 80 66 74 74 66 66 82 68 68 68 70 72 82 80 82 68 66 66 82 82 72 74 80
 40 26 24 38 0 26 34 36 36 38 36 38 28 32 24 32 38 26 40 28 30 26 26 34 36 38 34 32 38 38 24 32 32 24 24 40 26 26 26 28 30 40 38 40 26 24 24 40 40 30 32 38
 46 32 30 44 30 0 40 42 42 44 42 44 34 38 30 38 44 32 46 34 36 32 32 40 42 44 40 38 44 44 30 38 38 30 30 46 32 32 32 34 36 46 44 46 32 30 30 46 46 36 38 44
 70 56 54 68 54 56 0 66 66 68 66 68 58 62 54 62 68 56 70 58 60 56 56 64 66 68 64 62 68 68 54 62 62 54 54 70 56 56 56 58 60 70 68 70 56 54 54 70 70 60 62 68
 76 62 60 74 60 62 70 0 72 74 72 74 64 68 60 68 74 62 76 64 66 62 62 70 72 74 70 68 74 74 60 68 68 60 60 76 62 62 62 64 66 76 74 76 62 60 60 76 76 66 68 74
 76 62 60 74 60 62 70 72 0 74 72 74 64 68 60 68 74 62 76 64 66 62 62 70 72 74 70 68 74 74 60 68 68 60 60 76 62 62 62 64 66 76 74 76 62 60 60 76 76 66 68 74
 82 68 66 80 66 68 76 78 78 0 78 80 70 74 66 74 80 68 82 70 72 68 68 76 78 80 76 74 80 80 66 74 74 66 66 82 68 68 68 70 72 82 80 82 68 66 66 82 82 72 74 80
 76 62 60 74 60 62 70 72 72 74 0 74 64 68 60 68 74 62 76 64 66 62 62 70 72 74 70 68 74 74 60 68 68 60 60 76 62 62 62 64 66 76 74 76 62 60 60 76 76 66 68 74
 82 68 66 80 66 68 76 78 78 80 78 0 70 74 66 74 80 68 82 70 72 68 68 76 78 80 76 74 80 80 66 74 74 66 66 82 68 68 68 70 72 82 80 82 68 66 66 82 82 72 74 80
 52 38 36 50 36 38 46 48 48 50 48 50 0 44 36 44 50 38 52 40 42 38 38 46 48 50 46 44 50 50 36 44 44 36 36 52 38 38 38 40 42 52 50 52 38 36 36 52 52 42 44 50
 64 50 48 62 48 50 58 60 60 62 60 62 52 0 48 56 62 50 64 52 54 50 50 58 60 62 58 56 62 62 48 56 56 48 48 64 50 50 50 52 54 64 62 64 50 48 48 64 64 54 56 62
 40 26 24 38 24 26 34 36 36 38 36 38 28 32 0 32 38 26 40 28 30 26 26 34 36 38 34 32 38 38 24 32 32 24 24 40 26 26 26 28 30 40 38 40 26 24 24 40 40 30 32 38
 64 50 48 62 48 50 58 60 60 62 60 62 52 56 48 0 62 50 64 52 54 50 50 58 60 62 58 56 62 62 48 56 56 48 48 64 50 50 50 52 54 64 62 64 50 48 48 64 64 54 56 62
 82 68 66 80 66 68 76 78 78 80 78 80 70 74 66 74 0 68 82 70 72 68 68 76 78 80 76 74 80 80 66 74 74 66 66 82 68 68 68 70 72 82 80 82 68 66 66 82 82 72 74 80
 46 32 30 44 30 32 40 42 42 44 42 44 34 38 30 38 44 0 46 34 36 32 32 40 42 44 40 38 44 44 30 38 38 30 30 46 32 32 32 34 36 46 44 46 32 30 30 46 46 36 38 44
 88 74 72 86 72 74 82 84 84 86 84 86 76 80 72 80 86 74 0 76 78 74 74 82 84 86 82 80 86 86 72 80 80 72 72 88 74 74 74 76 78 88 86 88 74 72 72 88 88 78 80 86
 52 38 36 50 36 38 46 48 48 50 48 50 40 44 36 44 50 38 52 0 42 38 38 46 48 50 46 44 50 50 36 44 44 36 36 52 38 38 38 40 42 52 50 52 38 36 36 52 52 42 44 50
 58 44 42 56 42 44 52 54 54 56 54 56 46 50 42 50 56 44 58 46 0 44 44 52 54 56 52 50 56 56 42 50 50 42 42 58 44 44 44 46 48 58 56 58 44 42 42 58 58 48 50 56
 46 32 30 44 30 32 40 42 42 44 42 44 34 38 30 38 44 32 46 34 36 0 32 40 42 44 40 38 44 44 30 38 38 30 30 46 32 32 32 34 36 46 44 46 32 30 30 46 46 36 38 44
 46 32 30 44 30 32 40 42 42 44 42 44 34 38 30 38 44 32 46 34 36 32 0 40 42 44 40 38 44 44 30 38 38 30 30 46 32 32 32 34 36 46 44 46 32 30 30 46 46 36 38 44
 70 56 54 68 54 56 64 66 66 68 66 68 58 62 54 62 68 56 70 58 60 56 56 0 66 68 64 62 68 68 54 62 62 54 54 70 56 56 56 58 60 70 68 70 56 54 54 70 70 60 62 68
 76 62 60 74 60 62 70 72 72 74 72 74 64 68 60 68 74 62 76 64 66 62 62 70 0 74 70 68 74 74 60 68 68 60 60 76 62 62 62 64 66 76 74 76 62 60 60 76 76 66 68 74
 82 68 66 80 66 68 76 78 78 80 78 80 70 74 66 74 80 68 82 70 72 68 68 76 78 0 76 74 80 80 66 74 74 66 66 82 68 68 68 70 72 82 80 82 68 66 66 82 82 72 74 80
 70 56 54 68 54 56 64 66 66 68 66 68 58 62 54 62 68 56 70 58 60 56 56 64 66 68 0 62 68 68 54 62 62 54 54 70 56 56 56 58 60 70 68 70 56 54 54 70 70 60 62 68
 64 50 48 62 48 50 58 60 60 62 60 62 52 56 48 56 62 50 64 52 54 50 50 58 60 62 58 0 62 62 48 56 56 48 48 64 50 50 50 52 54 64 62 64 50 48 48 64 64 54 56 62
 82 68 66 80 66 68 76 78 78 80 78 80 70 74 66 74 80 68 82 70 72 68 68 76 78 80 76 74 0 80 66 74 74 66 66 82 68 68 68 70 72 82 80 82 68 66 66 82 82 72 74 80
 82 68 66 80 66 68 76 78 78 80 78 80 70 74 66 74 80 68 82 70 72 68 68 76 78 80 76 74 80 0 66 74 74 66 66 82 68 68 68 70 72 82 80 82 68 66 66 82 82 72 74 80
 40 26 24 38 24 26 34 36 36 38 36 38 28 32 24 32 38 26 40 28 30 26 26 34 36 38 34 32 38 38 0 32 32 24 24 40 26 26 26 28 30 40 38 40 26 24 24 40 40 30 32 38
 64 50 48 62 48 50 58 60 60 62 60 62 52 56 48 56 62 50 64 52 54 50 50 58 60 62 58 56 62 62 48 0 56 48 48 64 50 50 50 52 54 64 62 64 50 48 48 64 64 54 56 62
 64 50 48 62 48 50 58 60 60 62 60 62 52 56 48 56 62 50 64 52 54 50 50 58 60 62 58 56 62 62 48 56 0 48 48 64 50 50 50 52 54 64 62 64 50 48 48 64 64 54 56 62
 40 26 24 38 24 26 34 36 36 38 36 38 28 32 24 32 38 26 40 28 30 26 26 34 36 38 34 32 38 38 24 32 32 0 24 40 26 26 26 28 30 40 38 40 26 24 24 40 40 30 32 38
 40 26 24 38 24 26 34 36 36 38 36 38 28 32 24 32 38 26 40 28 30 26 26 34 36 38 34 32 38 38 24 32 32 24 0 40 26 26 26 28 30 40 38 40 26 24 24 40 40 30 32 38
 88 74 72 86 72 74 82 84 84 86 84 86 76 80 72 80 86 74 88 76 78 74 74 82 84 86 82 80 86 86 72 80 80 72 72 0 74 74 74 76 78 88 86 88 74 72 72 88 88 78 80 86
 46 32 30 44 30 32 40 42 42 44 42 44 34 38 30 38 44 32 46 34 36 32 32 40 42 44 40 38 44 44 30 38 38 30 30 46 0 32 32 34 36 46 44 46 32 30 30 46 46 36 38 44
 46 32 30 44 30 32 40 42 42 44 42 44 34 38 30 38 44 32 46 34 36 32 32 40 42 44 40 38 44 44 30 38 38 30 30 46 32 0 32 34 36 46 44 46 32 30 30 46 46 36 38 44
 46 32 30 44 30 32 40 42 42 44 42 44 34 38 30 38 44 32 46 34 36 32 32 40 42 44 40 38 44 44 30 38 38 30 30 46 32 32 0 34 36 46 44 46 32 30 30 46 46 36 38 44
 52 38 36 50 36 38 46 48 48 50 48 50 40 44 36 44 50 38 52 40 42 38 38 46 48 50 46 44 50 50 36 44 44 36 36 52 38 38 38 0 42 52 50 52 38 36 36 52 52 42 44 50
 58 44 42 56 42 44 52 54 54 56 54 56 46 50 42 50 56 44 58 46 48 44 44 52 54 56 52 50 56 56 42 50 50 42 42 58 44 44 44 46 0 58 56 58 44 42 42 58 58 48 50 56
 88 74 72 86 72 74 82 84 84 86 84 86 76 80 72 80 86 74 88 76 78 74 74 82 84 86 82 80 86 86 72 80 80 72 72 88 74 74 74 76 78 0 86 88 74 72 72 88 88 78 80 86
 82 68 66 80 66 68 76 78 78 80 78 80 70 74 66 74 80 68 82 70 72 68 68 76 78 80 76 74 80 80 66 74 74 66 66 82 68 68 68 70 72 82 0 82 68 66 66 82 82 72 74 80
 88 74 72 86 72 74 82 84 84 86 84 86 76 80 72 80 86 74 88 76 78 74 74 82 84 86 82 80 86 86 72 80 80 72 72 88 74 74 74 76 78 88 86 0 74 72 72 88 88 78 80 86
 46 32 30 44 30 32 40 42 42 44 42 44 34 38 30 38 44 32 46 34 36 32 32 40 42 44 40 38 44 44 30 38 38 30 30 46 32 32 32 34 36 46 44 46 0 30 30 46 46 36 38 44
 40 26 24 38 24 26 34 36 36 38 36 38 28 32 24 32 38 26 40 28 30 26 26 34 36 38 34 32 38 38 24 32 32 24 24 40 26 26 26 28 30 40 38 40 26 0 24 40 40 30 32 38
 40 26 24 38 24 26 34 36 36 38 36 38 28 32 24 32 38 26 40 28 30 26 26 34 36 38 34 32 38 38 24 32 32 24 24 40 26 26 26 28 30 40 38 40 26 24 0 40 40 30 32 38
 88 74 72 86 72 74 82 84 84 86 84 86 76 80 72 80 86 74 88 76 78 74 74 82 84 86 82 80 86 86 72 80 80 72 72 88 74 74 74 76 78 88 86 88 74 72 72 0 88 78 80 86
 88 74 72 86 72 74 82 84 84 86 84 86 76 80 72 80 86 74 88 76 78 74 74 82 84 86 82 80 86 86 72 80 80 72 72 88 74 74 74 76 78 88 86 88 74 72 72 88 0 78 80 86
 58 44 42 56 42 44 52 54 54 56 54 56 46 50 42 50 56 44 58 46 48 44 44 52 54 56 52 50 56 56 42 50 50 42 42 58 44 44 44 46 48 58 56 58 44 42 42 58 58 0 50 56
 64 50 48 62 48 50 58 60 60 62 60 62 52 56 48 56 62 50 64 52 54 50 50 58 60 62 58 56 62 62 48 56 56 48 48 64 50 50 50 52 54 64 62 64 50 48 48 64 64 54 0 62
 82 68 66 80 66 68 76 78 78 80 78 80 70 74 66 74 80 68 82 70 72 68 68 76 78 80 76 74 80 80 66 74 74 66 66 82 68 68 68 70 72 82 80 82 68 66 66 82 82 72 74 0