51 5

 0 32 41 51 42 39 32 20 45 41 31 206 56 52 45 37 52 46 70 54 38 15 52 147 59 42 25 39 163 53 42 38 68 38 52 42 47 27 66 77 61 72 58 73 68 20 46 28 37 35 33
 32 0 40 60 44 54 47 34 40 38 32 213 68 66 47 30 59 57 78 49 29 21 67 162 72 56 39 44 154 47 51 46 68 31 47 38 51 26 61 85 70 79 73 77 69 29 55 43 35 27 44
 41 40 0 73 60 62 49 34 56 54 48 228 80 75 63 46 74 69 93 45 40 24 71 167 81 53 48 36 163 62 44 58 84 44 39 27 67 42 76 99 84 94 75 93 85 43 68 48 51 42 56
 51 60 73 0 43 47 50 49 56 41 48 201 33 46 30 57 32 29 42 85 59 49 65 149 46 69 44 73 188 62 74 61 59 52 83 74 32 38 66 49 33 47 67 53 53 27 33 48 42 51 40
 42 44 60 43 0 51 53 45 36 24 33 198 53 59 26 38 39 45 59 69 40 38 70 159 62 67 40 63 170 42 67 51 49 32 67 59 31 19 50 66 52 58 75 57 49 22 41 48 22 31 37
 39 54 62 47 51 0 31 32 60 51 45 209 47 41 48 55 51 38 64 76 58 36 47 136 47 50 31 57 184 68 57 54 75 55 74 63 49 40 77 70 53 70 52 74 72 25 43 29 49 52 36
 32 47 49 50 53 31 0 19 63 57 48 216 50 43 55 56 59 45 71 70 57 29 33 128 48 31 32 45 181 71 41 55 82 57 66 53 56 44 82 75 59 77 32 81 79 31 51 23 53 53 42
 20 34 34 49 45 32 19 0 52 48 38 212 56 49 51 44 57 47 73 56 44 16 42 139 55 27 27 32 168 61 30 45 76 45 52 39 53 35 73 78 62 76 46 79 74 26 49 21 45 42 38
 45 40 56 56 36 60 63 52 0 23 35 211 66 71 36 31 52 58 72 63 29 38 78 169 75 71 47 62 162 33 68 55 53 21 60 52 43 20 46 79 65 70 84 68 56 31 54 54 21 20 47
 41 38 54 41 24 51 57 48 23 0 34 202 55 64 18 33 40 49 57 65 29 39 75 165 67 70 45 63 163 24 69 54 32 17 62 54 30 18 27 63 52 53 80 51 36 27 45 52 12 21 42
 31 32 48 48 33 45 48 38 35 34 0 202 57 58 36 31 47 47 67 58 34 26 63 155 63 56 32 51 161 44 55 40 59 30 56 48 40 17 56 73 59 67 69 66 59 19 44 40 27 27 34
 206 213 228 201 198 209 216 212 211 202 202 0 155 161 139 155 145 147 165 184 158 149 174 262 164 174 147 174 287 162 176 161 166 152 182 173 141 137 169 171 156 166 179 167 163 128 143 153 142 150 142
 56 68 80 33 53 47 50 56 66 55 57 155 0 44 41 68 44 33 39 95 71 56 64 145 39 72 50 79 199 74 79 71 69 64 93 83 44 50 77 40 26 49 63 62 63 37 44 52 54 63 49
 52 66 75 46 59 41 43 49 71 64 58 161 44 0 51 66 53 36 61 88 69 48 53 135 39 61 42 69 195 76 68 65 79 64 86 75 52 49 84 64 49 68 54 75 74 34 46 41 56 62 45
 45 47 63 30 26 48 55 51 36 18 36 139 41 51 0 44 29 40 44 76 44 45 72 159 58 72 45 70 176 41 74 58 33 34 74 66 20 26 42 49 39 40 77 38 28 26 38 52 23 36 40
 37 30 46 57 38 55 56 44 31 33 31 155 68 66 44 0 54 56 75 53 24 28 72 165 73 62 42 52 153 38 58 48 59 22 51 43 46 20 51 81 67 73 78 72 61 29 53 48 26 18 44
 52 59 74 32 39 51 59 57 52 40 47 145 44 53 29 54 0 37 46 84 55 49 70 156 55 73 46 73 185 56 76 61 53 47 82 73 26 34 59 52 39 46 74 48 47 27 36 52 36 47 41
 46 57 69 29 45 38 45 47 58 49 47 147 33 36 40 56 37 0 47 83 59 44 57 141 39 62 38 67 187 64 68 58 65 54 81 71 37 39 70 52 36 53 59 60 59 25 33 41 44 52 36
 70 78 93 42 59 64 71 73 72 57 67 165 39 61 44 75 46 47 0 102 74 66 81 163 57 86 61 90 205 74 91 79 65 66 101 92 44 53 75 37 28 42 81 59 58 45 51 65 55 66 57
 54 49 45 85 69 76 70 56 63 65 58 184 95 88 76 53 84 83 102 0 40 35 84 179 91 67 57 51 164 64 59 66 87 45 44 35 72 46 78 106 91 100 88 98 89 50 76 60 54 44 64
 38 29 40 59 40 58 57 44 29 29 34 158 71 69 44 24 55 59 74 40 0 31 77 170 79 65 47 52 147 34 59 54 59 15 44 36 51 25 48 86 72 78 83 75 63 35 59 53 28 16 50
 15 21 24 49 38 36 29 16 38 39 26 149 56 48 45 28 49 44 66 35 31 0 52 147 60 37 27 28 155 50 33 38 68 33 40 30 48 26 63 79 63 74 56 74 68 22 48 28 35 30 35
 52 67 71 65 70 47 33 42 78 75 63 174 64 53 72 72 70 57 81 84 77 52 0 137 57 49 43 61 194 82 59 66 91 69 81 69 65 55 93 83 67 85 47 90 88 41 59 35 64 65 52
 147 162 167 149 159 136 128 139 169 165 155 262 145 135 159 165 156 141 163 179 170 147 137 0 108 116 107 129 260 144 126 130 150 132 148 136 123 117 154 135 120 139 104 147 146 102 117 101 125 129 113
 59 72 81 46 62 47 48 55 75 67 63 164 39 39 58 73 55 39 57 91 79 60 57 108 0 67 49 76 200 80 75 71 81 69 92 82 53 54 86 60 45 66 57 75 75 39 48 47 60 67 50
 42 56 53 69 67 50 31 27 71 70 56 174 72 61 72 62 73 62 86 67 65 37 49 116 67 0 43 45 184 78 41 62 93 62 66 53 69 52 90 92 76 92 52 95 91 42 65 35 62 59 54
 25 39 48 44 40 31 32 27 47 45 32 147 50 42 45 42 46 38 61 57 47 27 43 107 49 43 0 47 171 57 48 41 68 43 61 51 44 29 67 70 54 68 54 70 66 17 40 25 38 40 29
 39 44 36 73 63 57 45 32 62 63 51 174 79 69 70 52 73 67 90 51 52 28 61 129 76 45 47 0 171 68 36 58 88 51 49 36 68 46 82 97 81 94 67 94 88 42 67 42 55 48 54
 163 154 163 188 170 184 181 168 162 163 161 287 199 195 176 153 185 187 205 164 147 155 194 260 200 184 171 171 0 126 138 136 149 107 124 116 137 111 140 172 158 165 163 163 152 118 143 133 117 106 133
 53 47 62 62 42 68 71 61 33 24 44 162 74 76 41 38 56 64 74 64 34 50 82 144 80 78 57 68 126 0 75 63 50 18 65 57 47 28 39 82 70 72 92 70 55 39 60 63 25 25 54
 42 51 44 74 67 57 41 30 68 69 55 176 79 68 74 58 76 68 91 59 59 33 59 126 75 41 48 36 138 75 0 61 91 57 56 43 70 49 87 97 81 95 62 96 91 43 67 40 59 54 55
 38 46 58 61 51 54 55 45 55 54 40 161 71 65 58 48 61 58 79 66 54 38 66 130 71 62 41 58 136 63 61 0 73 45 65 55 52 33 71 83 68 78 72 79 73 27 53 42 42 42 41
 68 68 84 59 49 75 82 76 53 32 59 166 69 79 33 59 53 65 65 87 59 68 91 150 81 93 68 88 149 50 91 73 0 42 87 79 42 41 43 69 60 60 98 59 40 46 60 72 36 46 61
 38 31 44 52 32 55 57 45 21 17 30 152 64 64 34 22 47 54 66 45 15 33 69 132 69 62 43 51 107 18 57 45 42 0 50 42 43 20 36 78 65 69 83 66 52 31 54 53 19 12 46
 52 47 39 83 67 74 66 52 60 62 56 182 93 86 74 51 82 81 101 44 44 40 81 148 92 66 61 49 124 65 56 65 87 50 0 23 73 47 77 107 92 101 87 99 89 51 77 59 54 43 65
 42 38 27 74 59 63 53 39 52 54 48 173 83 75 66 43 73 71 92 35 36 30 69 136 82 53 51 36 116 57 43 55 79 42 23 0 70 44 74 103 88 97 79 96 86 47 73 53 51 40 60
 47 51 67 32 31 49 56 53 43 30 40 141 44 52 20 46 26 37 44 72 51 48 65 123 53 69 44 68 137 47 70 52 42 43 73 70 0 28 51 53 40 45 74 44 40 25 36 50 29 40 39
 27 26 42 38 19 40 44 35 20 18 17 137 50 49 26 20 34 39 53 46 25 26 55 117 54 52 29 46 111 28 49 33 41 20 47 44 28 0 43 66 52 58 69 57 47 16 39 40 14 18 31
 66 61 76 66 50 77 82 73 46 27 56 169 77 84 42 51 59 70 75 78 48 63 93 154 86 90 67 82 140 39 87 71 43 36 77 74 51 43 0 80 71 71 101 70 51 48 66 73 33 38 63
 77 85 99 49 66 70 75 78 79 63 73 171 40 64 49 81 52 52 37 106 86 79 83 135 60 92 70 97 172 82 97 83 69 78 107 103 53 66 80 0 33 48 86 66 64 53 59 72 63 74 66
 61 70 84 33 52 53 59 62 65 52 59 156 26 49 39 67 39 36 28 91 72 63 67 120 45 76 54 81 158 70 81 68 60 65 92 88 40 52 71 33 0 42 72 57 56 39 45 57 51 62 51
 72 79 94 47 58 70 77 76 70 53 67 166 49 68 40 73 46 53 42 100 78 74 85 139 66 92 68 94 165 72 95 78 60 69 101 97 45 58 71 48 42 0 88 54 52 46 53 69 51 63 59
 58 73 75 67 75 52 32 46 84 80 69 179 63 54 77 78 74 59 81 88 83 56 47 104 57 52 54 67 163 92 62 72 98 83 87 79 74 69 101 86 72 88 0 97 95 49 66 43 73 74 60
 73 77 93 53 57 74 81 79 68 51 66 167 62 75 38 72 48 60 59 98 75 74 90 147 75 95 70 94 163 70 96 79 59 66 99 96 44 57 70 66 57 54 97 0 50 45 54 70 47 59 59
 68 69 85 53 49 72 79 74 56 36 59 163 63 74 28 61 47 59 58 89 63 68 88 146 75 91 66 88 152 55 91 73 40 52 89 86 40 47 51 64 56 52 95 50 0 43 56 70 38 49 58
 20 29 43 27 22 25 31 26 31 27 19 128 37 34 26 29 27 25 45 50 35 22 41 102 39 42 17 42 118 39 43 27 46 31 51 47 25 16 48 53 39 46 49 45 43 0 26 27 24 29 16
 46 55 68 33 41 43 51 49 54 45 44 143 44 46 38 53 36 33 51 76 59 48 59 117 48 65 40 67 143 60 67 53 60 54 77 73 36 39 66 59 45 53 66 54 56 26 0 44 39 47 34
 28 43 48 48 48 29 23 21 54 52 40 153 52 41 52 48 52 41 65 60 53 28 35 101 47 35 25 42 133 63 40 42 72 53 59 53 50 40 73 72 57 69 43 70 70 27 44 0 46 46 35
 37 35 51 42 22 49 53 45 21 12 27 142 54 56 23 26 36 44 55 54 28 35 64 125 60 62 38 55 117 25 59 42 36 19 54 51 29 14 33 63 51 51 73 47 38 24 39 46 0 20 38
 35 27 42 51 31 52 53 42 20 21 27 150 63 62 36 18 47 52 66 44 16 30 65 129 67 59 40 48 106 25 54 42 46 12 43 40 40 18 38 74 62 63 74 59 49 29 47 46 20 0 43
 33 44 56 40 37 36 42 38 47 42 34 142 49 45 40 44 41 36 57 64 50 35 52 113 50 54 29 54 133 54 55 41 61 46 65 60 39 31 63 66 51 59 60 59 58 16 34 35 38 43 0

 0 28 39 36 250 46 43 34 41 39 36 48 49 39 64 40 58 50 59 44 43 19 28 46 42 41 38 27 121 52 23 34 62 38 53 59 44 36 66 66 295 64 52 67 49 27 35 28 64 36 21
 28 0 39 46 253 62 59 49 37 37 38 56 62 54 67 34 66 62 68 40 35 26 44 62 56 56 53 33 113 47 33 43 63 32 49 56 49 36 62 75 305 72 68 72 51 37 45 44 63 29 33
 39 39 0 60 270 71 62 50 54 54 55 72 75 64 84 51 82 75 84 37 47 30 49 68 66 54 63 26 123 63 27 56 80 46 42 46 66 53 78 90 320 88 71 89 68 52 59 50 80 45 46
 36 46 60 0 244 47 54 56 45 32 46 36 19 26 42 53 31 26 24 68 57 46 34 41 22 61 50 54 139 54 48 50 46 45 77 84 22 40 59 31 260 32 54 40 27 27 15 41 62 45 21
 250 253 270 244 0 200 206 201 174 164 180 182 188 188 187 183 187 191 190 201 187 184 188 200 187 208 195 193 270 183 190 189 185 174 210 218 170 170 192 197 428 192 211 193 172 171 172 190 191 174 167
 46 62 71 47 200 0 50 54 64 57 58 59 48 36 75 66 65 50 61 74 71 48 31 43 38 57 52 53 150 75 46 58 77 63 83 88 54 57 85 67 295 70 54 76 61 40 40 37 84 61 32
 43 59 62 54 206 50 0 44 70 66 64 69 54 41 85 70 76 60 71 71 73 44 20 38 42 41 56 44 150 81 33 62 87 68 78 81 64 64 93 75 304 80 37 86 71 49 51 34 91 65 41
 34 49 50 56 201 54 44 0 60 58 55 66 61 48 82 59 75 63 74 58 61 32 30 50 50 38 52 32 138 72 23 53 82 57 65 68 62 56 85 79 308 80 52 85 67 45 50 33 84 55 38
 41 37 54 45 174 64 70 60 0 21 40 53 59 58 55 34 58 62 61 53 34 42 54 68 58 70 60 50 120 32 49 51 47 21 61 69 40 29 46 68 299 62 78 62 37 38 43 54 48 21 35
 39 37 54 32 164 57 66 58 21 0 41 46 50 53 39 38 48 55 48 57 36 45 53 66 52 71 60 53 123 25 52 52 28 19 65 73 29 29 29 54 288 47 76 47 19 36 36 54 41 24 32
 36 38 55 46 180 58 64 55 40 41 0 51 57 52 62 41 60 58 63 55 46 37 46 61 53 62 52 46 126 50 43 43 60 37 64 72 44 33 63 69 300 66 70 67 47 33 40 47 61 35 29
 48 56 72 36 182 59 69 66 53 46 51 0 46 46 56 56 49 49 52 72 61 51 48 59 45 71 58 60 143 59 55 55 58 50 81 88 36 44 67 58 288 56 71 59 42 33 30 51 67 49 28
 49 62 75 19 188 48 54 61 59 50 57 46 0 29 58 69 48 35 26 83 74 58 38 42 20 69 61 65 155 71 58 65 61 62 92 98 39 57 75 27 258 39 55 54 42 42 31 50 79 62 35
 39 54 64 26 188 36 41 48 58 53 52 46 29 0 65 64 54 35 45 73 69 47 24 29 17 55 50 52 148 70 44 56 68 59 82 87 44 53 79 48 278 55 43 64 50 36 30 36 78 58 28
 64 67 84 42 187 75 85 82 55 39 62 56 58 65 0 63 51 60 49 82 65 65 64 74 57 87 74 74 150 56 71 70 43 50 91 99 33 51 58 54 289 48 87 48 25 49 43 68 66 53 44
 40 34 51 53 183 66 70 59 34 38 41 56 69 64 63 0 66 66 70 49 35 38 54 70 62 67 61 46 117 43 45 50 59 28 58 66 49 35 57 76 307 71 78 72 48 42 48 54 59 25 38
 58 66 82 31 187 65 76 75 58 48 60 49 48 54 51 66 0 49 43 82 68 61 54 63 46 80 67 69 151 63 65 65 55 55 91 98 31 51 67 49 281 46 76 50 36 42 33 60 71 56 37
 50 62 75 26 191 50 60 63 62 55 58 49 35 35 60 66 49 0 42 79 70 54 39 46 28 67 57 61 151 69 55 60 65 60 88 94 40 54 76 47 276 51 59 60 46 38 28 47 77 59 30
 59 68 84 24 190 61 71 74 61 48 63 52 26 45 49 70 43 42 0 88 75 66 53 58 36 81 70 74 159 69 68 71 55 62 98 105 37 58 71 22 258 30 71 49 35 48 36 61 78 63 41
 44 40 37 68 201 74 71 58 53 57 55 72 83 73 82 49 82 79 88 0 42 36 57 75 71 63 67 36 119 60 37 59 78 42 42 49 66 52 75 92 322 89 79 89 67 54 62 57 78 42 49
 43 35 47 57 187 71 73 61 34 36 46 61 74 69 65 35 68 70 75 42 0 41 59 75 68 70 66 46 111 39 46 56 59 21 51 59 54 40 54 81 312 76 83 75 50 48 54 59 61 23 44
 19 26 30 46 184 48 44 32 42 45 37 51 58 47 65 38 61 54 66 36 41 0 34 52 49 42 46 22 119 55 20 40 68 39 47 53 51 41 69 74 303 72 56 74 55 35 43 34 68 37 29
 28 44 49 34 188 31 20 30 54 53 46 48 38 24 64 54 54 39 53 57 59 34 0 24 28 36 44 37 140 69 28 50 73 57 70 74 50 52 81 60 289 65 29 72 57 36 36 23 79 54 28
 46 62 68 41 200 43 38 50 68 66 61 59 42 29 74 70 63 46 58 75 75 52 24 0 27 51 56 53 154 79 43 62 80 68 85 89 56 62 90 60 290 67 34 77 63 45 42 37 88 66 37
 42 56 66 22 187 38 42 50 58 52 53 45 20 17 57 62 46 28 36 71 68 49 28 27 0 58 54 56 150 71 48 59 67 61 85 91 42 55 78 41 271 50 43 61 48 38 29 39 79 60 30
 41 56 54 61 208 57 41 38 70 71 62 71 69 55 87 67 80 67 81 63 70 42 36 51 58 0 58 35 144 79 24 60 89 64 69 72 68 63 92 83 312 86 48 91 74 51 56 37 91 62 44
 38 53 63 50 195 52 56 52 60 60 52 58 61 50 74 61 67 57 70 67 66 46 44 56 54 58 0 47 141 68 41 49 74 55 74 80 53 50 79 71 300 72 60 76 59 36 41 37 77 53 29
 27 33 26 54 193 53 44 32 50 53 46 60 65 52 74 46 69 61 74 36 46 22 37 53 56 35 47 0 124 62 12 49 77 46 45 48 60 50 77 81 310 81 56 83 64 44 51 37 77 44 37
 121 113 123 139 270 150 150 138 120 123 126 143 155 148 150 117 151 151 159 119 111 119 140 154 150 144 141 124 0 101 95 108 119 83 101 109 110 96 116 137 368 133 133 133 109 101 108 109 120 83 97
 52 47 63 54 183 75 81 72 32 25 50 59 71 70 56 43 63 69 69 60 39 55 69 79 71 79 68 62 101 0 58 61 46 20 68 76 46 39 41 73 306 66 88 66 38 48 51 65 54 28 44
 23 33 27 48 190 46 33 23 49 52 43 55 58 44 71 45 65 55 68 37 46 20 28 43 48 24 41 12 95 58 0 48 76 48 48 51 58 49 78 77 306 78 47 81 63 41 47 31 77 46 34
 34 43 56 50 189 58 62 53 51 52 43 55 65 56 70 50 65 60 71 59 56 40 50 62 59 60 49 49 108 61 48 0 68 46 67 73 50 43 72 73 303 71 67 74 55 35 43 43 70 44 30
 62 63 80 46 185 77 87 82 47 28 60 58 61 68 43 59 55 65 55 78 59 68 73 80 67 89 74 77 119 46 76 68 0 41 87 95 38 49 42 57 293 51 91 52 20 52 48 71 62 46 48
 38 32 46 45 174 63 68 57 21 19 37 50 62 59 50 28 55 60 62 42 21 39 57 68 61 64 55 46 83 20 48 46 41 0 54 62 43 32 39 70 302 64 80 63 36 41 46 56 49 16 37
 53 49 42 77 210 83 78 65 61 65 64 81 92 82 91 58 91 88 98 42 51 47 70 85 85 69 74 45 101 68 48 67 87 54 0 44 74 60 81 100 330 97 85 97 74 62 70 63 85 48 57
 59 56 46 84 218 88 81 68 69 73 72 88 98 87 99 66 98 94 105 49 59 53 74 89 91 72 80 48 109 76 51 73 95 62 44 0 82 68 89 107 337 104 88 105 82 69 77 68 93 56 63
 44 49 66 22 170 54 64 62 40 29 44 36 39 44 33 49 31 40 37 66 54 51 50 56 42 68 53 60 110 46 58 50 38 43 74 82 0 38 52 43 275 38 69 39 22 33 26 51 57 42 28
 36 36 53 40 170 57 64 56 29 29 33 44 57 53 51 35 51 54 58 52 40 41 52 62 55 63 50 50 96 39 49 43 49 32 60 68 38 0 52 64 295 59 72 60 37 32 37 49 50 28 28
 66 62 78 59 192 85 93 85 46 29 63 67 75 79 58 57 67 76 71 75 54 69 81 90 78 92 79 77 116 41 78 72 42 39 81 89 52 52 0 72 308 66 98 67 35 58 58 76 63 42 54
 66 75 90 31 197 67 75 79 68 54 69 58 27 48 54 76 49 47 22 92 81 74 60 60 41 83 71 81 137 73 77 73 57 70 100 107 43 64 72 0 263 36 76 56 41 56 44 68 86 71 50
 295 305 320 260 428 295 304 308 299 288 300 288 258 278 289 307 281 276 258 322 312 303 289 290 271 312 300 310 368 306 306 303 293 302 330 337 275 295 308 263 0 193 225 210 196 205 193 216 237 222 198
 64 72 88 32 192 70 80 80 62 47 66 56 39 55 48 71 46 51 30 89 76 72 65 67 50 86 72 81 133 66 78 71 51 64 97 104 38 59 66 36 193 0 80 46 31 51 40 67 76 62 45
 52 68 71 54 211 54 37 52 78 76 70 71 55 43 87 78 76 59 71 79 83 56 29 34 43 48 60 56 133 88 47 67 91 80 85 88 69 72 98 76 225 80 0 90 75 55 54 42 99 74 47
 67 72 89 40 193 76 86 85 62 47 67 59 54 64 48 72 50 60 49 89 75 74 72 77 61 91 76 83 133 66 81 74 52 63 97 105 39 60 67 56 210 46 90 0 30 51 42 69 73 59 46
 49 51 68 27 172 61 71 67 37 19 47 42 42 50 25 48 36 46 35 67 50 55 57 63 48 74 59 64 109 38 63 55 20 36 74 82 22 37 35 41 196 31 75 30 0 41 36 61 56 41 37
 27 37 52 27 171 40 49 45 38 36 33 33 42 36 49 42 42 38 48 54 48 35 36 45 38 51 36 44 101 48 41 35 52 41 62 69 33 32 58 56 205 51 55 51 41 0 23 35 59 38 12
 35 45 59 15 172 40 51 50 43 36 40 30 31 30 43 48 33 28 36 62 54 43 36 42 29 56 41 51 108 51 47 43 48 46 70 77 26 37 58 44 193 40 54 42 36 23 0 40 62 44 18
 28 44 50 41 190 37 34 33 54 54 47 51 50 36 68 54 60 47 61 57 59 34 23 37 39 37 37 37 109 65 31 43 71 56 63 68 51 49 76 68 216 67 42 69 61 35 40 0 77 51 27
 64 63 80 62 191 84 91 84 48 41 61 67 79 78 66 59 71 77 78 78 61 68 79 88 79 91 77 77 120 54 77 70 62 49 85 93 57 50 63 86 237 76 99 73 56 59 62 77 0 42 47
 36 29 45 45 174 61 65 55 21 24 35 49 62 58 53 25 56 59 63 42 23 37 54 66 60 62 53 44 83 28 46 44 46 16 48 56 42 28 42 71 222 62 74 59 41 38 44 51 42 0 35
 21 33 46 21 167 32 41 38 35 32 29 28 35 28 44 38 37 30 41 49 44 29 28 37 30 44 29 37 97 44 34 30 48 37 57 63 28 28 54 50 198 45 47 46 37 12 18 27 47 35 0

 0 33 38 52 32 25 45 33 47 46 16 38 46 45 51 22 53 54 57 33 239 19 38 44 62 43 16 33 39 50 29 10 180 49 50 52 165 30 69 78 52 135 48 46 60 17 34 33 37 34 41
 33 0 43 67 40 46 66 53 48 49 23 51 64 65 59 21 66 71 71 34 236 31 59 65 81 63 36 44 36 50 44 24 186 48 51 54 175 35 70 92 67 148 69 56 67 32 49 54 41 32 58
 38 43 0 77 53 51 65 50 61 62 36 63 73 71 72 34 78 80 83 27 244 31 60 67 87 57 42 33 42 62 34 33 199 58 40 40 188 48 82 103 78 160 68 69 80 43 59 56 54 44 67
 52 67 77 0 39 39 69 68 64 52 39 39 29 45 42 48 39 43 35 70 266 59 57 52 55 76 41 73 70 65 67 39 177 69 87 90 156 47 75 56 30 116 63 32 51 30 27 59 48 56 54
 32 40 53 39 0 35 64 56 36 27 16 28 41 50 30 21 38 51 44 46 239 40 54 54 63 66 29 55 44 37 52 21 159 41 63 67 147 20 51 65 41 119 63 28 39 17 27 51 20 28 43
 25 46 51 39 35 0 40 41 58 52 26 37 33 30 50 36 48 42 47 51 255 36 29 29 46 47 18 47 56 61 40 22 183 62 68 69 163 39 76 67 40 129 38 43 60 18 27 30 45 47 40
 45 66 65 69 64 40 0 46 79 76 47 62 54 50 75 55 74 67 72 63 272 47 33 39 65 46 37 53 71 82 42 41 208 82 78 77 188 61 99 90 64 154 36 68 85 42 53 42 67 66 64
 33 53 50 68 56 41 46 0 67 66 36 57 59 55 70 42 71 68 73 48 258 33 41 49 71 41 31 39 57 71 30 30 201 69 63 62 184 51 89 92 66 152 49 65 79 36 50 39 58 54 59
 47 48 61 64 36 58 79 67 0 34 26 49 62 70 48 22 59 72 65 48 236 48 70 72 84 78 44 62 44 36 61 33 171 38 64 68 167 29 55 86 62 139 80 47 54 34 48 65 27 25 61
 46 49 62 52 27 52 76 66 34 0 28 43 54 66 33 27 50 66 53 53 239 52 70 71 79 80 45 66 48 30 65 35 153 37 69 73 157 30 39 73 52 125 79 33 37 33 42 66 21 29 59
 16 23 36 39 16 26 47 36 26 28 0 29 42 46 37 11 43 50 49 32 230 25 44 47 61 52 18 40 32 36 37 7 166 36 49 53 153 15 54 69 45 125 54 34 46 11 27 40 22 21 37
 38 51 63 39 28 37 62 57 49 43 29 0 38 47 38 33 39 48 45 56 252 46 53 52 60 68 31 61 56 52 56 26 171 56 73 76 152 33 65 65 40 122 62 33 48 18 24 51 35 42 43
 46 64 73 29 41 33 54 59 62 54 42 38 0 35 45 51 43 39 24 72 270 58 48 40 40 71 39 71 73 69 64 41 179 73 89 91 160 51 78 39 15 110 51 33 53 32 30 55 52 60 55
 45 65 71 45 50 30 50 55 70 66 46 47 35 0 57 51 54 44 48 67 270 52 39 32 42 62 33 63 71 73 55 37 191 75 84 85 170 52 87 65 40 131 44 48 66 31 34 46 56 61 53
 51 59 72 42 30 50 75 70 48 33 37 38 45 57 0 38 39 57 40 64 254 58 67 65 70 82 45 73 61 47 70 39 154 54 81 85 147 38 54 59 39 112 76 20 29 32 35 66 32 44 57
 22 21 34 48 21 36 55 42 22 27 11 33 51 51 38 0 50 59 57 27 220 27 53 57 71 58 28 41 24 30 40 15 166 28 44 48 159 18 49 77 53 131 63 40 48 21 36 48 21 12 47
 53 66 78 39 38 48 74 71 59 50 43 39 43 54 39 50 0 51 39 69 262 59 62 59 64 80 43 73 67 59 69 39 171 64 86 89 150 43 68 59 36 115 70 27 45 30 30 63 42 52 55
 54 71 80 43 51 42 67 68 72 66 50 48 39 44 57 59 51 0 45 73 271 59 54 49 53 74 40 72 74 72 66 41 188 76 90 92 166 53 84 64 38 127 60 44 62 33 32 57 55 62 55
 57 71 83 35 44 47 72 73 65 53 49 45 24 48 40 57 39 45 0 78 272 67 64 57 57 84 49 81 78 68 75 48 174 74 96 99 159 53 75 35 16 102 68 29 47 39 36 67 52 62 62
 33 34 27 70 46 51 63 48 48 53 32 56 72 67 64 27 69 73 78 0 232 30 61 67 85 59 39 36 31 52 37 29 190 47 33 36 181 40 72 98 73 154 69 62 72 38 55 56 45 34 63
 239 236 244 266 239 255 272 258 236 239 230 252 270 270 254 220 262 271 272 232 0 174 202 206 221 205 177 185 162 170 185 165 310 165 181 185 308 167 190 226 202 280 212 187 194 171 186 197 167 154 197
 19 31 31 59 40 36 47 33 48 52 25 46 58 52 58 27 59 59 67 30 174 0 46 52 71 46 26 30 39 55 28 18 188 52 46 48 174 37 74 88 62 145 54 55 68 27 44 41 43 37 51
 38 59 60 57 54 29 33 41 70 70 44 53 48 39 67 53 62 54 64 61 202 46 0 30 56 46 30 51 66 75 42 34 199 76 75 75 179 54 92 80 54 144 33 59 76 34 43 36 60 60 56
 44 65 67 52 54 29 39 49 72 71 47 52 40 32 65 57 59 49 57 67 206 52 30 0 48 54 35 60 73 78 50 39 199 80 83 83 178 57 94 73 48 139 31 57 75 36 42 43 62 65 58
 62 81 87 55 63 46 65 71 84 79 61 60 40 42 70 71 64 53 57 85 221 71 56 48 0 75 47 77 83 84 69 50 200 87 97 99 178 64 96 68 43 136 54 55 74 43 43 59 67 73 65
 43 63 57 76 66 47 46 41 78 80 52 68 71 62 82 58 80 74 84 59 205 46 46 54 75 0 39 44 65 80 33 39 210 78 69 68 192 60 98 98 72 160 47 73 88 44 58 45 67 63 67
 16 36 42 41 29 18 37 31 44 45 18 31 39 33 45 28 43 40 49 39 177 26 30 35 47 39 0 40 46 53 34 12 179 53 58 60 161 31 69 70 44 130 43 42 57 13 27 29 37 38 36
 33 44 33 73 55 47 53 39 62 66 40 61 71 63 73 41 73 72 81 36 185 30 51 60 77 44 40 0 48 66 24 31 201 63 48 47 187 50 86 99 73 158 58 68 81 40 56 48 56 48 63
 39 36 42 70 44 56 71 57 44 48 32 56 73 71 61 24 67 74 78 31 162 39 66 73 83 65 46 48 0 46 48 31 184 41 45 49 178 37 66 96 72 151 76 59 67 38 54 61 40 28 64
 50 50 62 65 37 61 82 71 36 30 36 52 69 73 47 30 59 72 68 52 170 55 75 78 84 80 53 66 46 0 65 38 165 32 66 70 168 34 45 86 64 138 85 46 50 39 51 71 28 27 65
 29 44 34 67 52 40 42 30 61 65 37 56 64 55 70 40 69 66 75 37 185 28 42 50 69 33 34 24 48 65 0 30 200 65 51 50 185 49 87 95 69 155 49 66 80 37 52 42 56 50 60
 10 24 33 39 21 22 41 30 33 35 7 26 41 37 39 15 39 41 48 29 165 18 34 39 50 39 12 31 31 38 30 0 171 42 49 51 156 22 60 70 45 127 48 38 51 10 27 33 28 27 35
 180 186 199 177 159 183 208 201 171 153 166 171 179 191 154 166 171 188 174 190 310 188 199 199 200 210 179 201 184 165 200 171 0 133 165 169 240 124 126 150 131 203 168 112 112 123 128 157 116 125 149
 49 48 58 69 41 62 82 69 38 37 36 56 73 75 54 28 64 76 74 47 165 52 76 80 87 78 53 63 41 32 65 42 133 0 60 64 173 35 51 91 68 144 85 51 56 40 54 70 31 23 66
 50 51 40 87 63 68 78 63 64 69 49 73 89 84 81 44 86 90 96 33 181 46 75 83 97 69 58 48 45 66 51 49 165 60 0 37 195 54 84 112 87 168 81 76 85 52 69 68 58 46 77
 52 54 40 90 67 69 77 62 68 73 53 76 91 85 85 48 89 92 99 36 185 48 75 83 99 68 60 47 49 70 50 51 169 64 37 0 200 59 89 116 91 172 81 81 90 56 73 70 63 51 80
 165 175 188 156 147 163 188 184 167 157 153 152 160 170 147 159 150 166 159 181 308 174 179 178 178 192 161 187 178 168 185 156 240 173 195 200 0 115 138 138 115 192 148 101 116 106 108 139 113 123 131
 30 35 48 47 20 39 61 51 29 30 15 33 51 52 38 18 43 53 53 40 167 37 54 57 64 60 31 50 37 34 49 22 124 35 54 59 115 0 53 74 50 128 66 37 46 20 34 52 21 24 46
 69 70 82 75 51 76 99 89 55 39 54 65 78 87 54 49 68 84 75 72 190 74 92 94 96 98 69 86 66 45 87 60 126 51 84 89 138 53 0 88 69 141 98 50 50 52 61 85 40 44 78
 78 92 103 56 65 67 90 92 86 73 69 65 39 65 59 77 59 64 35 98 226 88 80 73 68 98 70 99 96 86 95 70 150 91 112 116 138 74 88 0 29 116 81 44 61 55 52 82 68 78 79
 52 67 78 30 41 40 64 66 62 52 45 40 15 40 39 53 36 38 16 73 202 62 54 48 43 72 44 73 72 64 69 45 131 68 87 91 115 50 69 29 0 104 61 29 47 35 32 61 50 60 58
 135 148 160 116 119 129 154 152 139 125 125 122 110 131 112 131 115 127 102 154 280 145 144 139 136 160 130 158 151 138 155 127 203 144 168 172 192 128 141 116 104 0 125 74 91 90 88 121 98 109 114
 48 69 68 63 63 38 36 49 80 79 54 62 51 44 76 63 70 60 68 69 212 54 33 31 54 47 43 58 76 85 49 48 168 85 81 81 148 66 98 81 61 125 0 68 85 44 52 46 71 71 66
 46 56 69 32 28 43 68 65 47 33 34 33 33 48 20 40 27 44 29 62 187 55 59 57 55 73 42 68 59 46 66 38 112 51 76 81 101 37 50 44 29 74 68 0 29 29 29 62 34 45 54
 60 67 80 51 39 60 85 79 54 37 46 48 53 66 29 48 45 62 47 72 194 68 76 75 74 88 57 81 67 50 80 51 112 56 85 90 116 46 50 61 47 91 85 29 0 40 44 75 38 48 66
 17 32 43 30 17 18 42 36 34 33 11 18 32 31 32 21 30 33 39 38 171 27 34 36 43 44 13 40 38 39 37 10 123 40 52 56 106 20 52 55 35 90 44 29 40 0 17 35 27 31 27
 34 49 59 27 27 27 53 50 48 42 27 24 30 34 35 36 30 32 36 55 186 44 43 42 43 58 27 56 54 51 52 27 128 54 69 73 108 34 61 52 32 88 52 29 44 17 0 46 36 43 39
 33 54 56 59 51 30 42 39 65 66 40 51 55 46 66 48 63 57 67 56 197 41 36 43 59 45 29 48 61 71 42 33 157 70 68 70 139 52 85 82 61 121 46 62 75 35 46 0 55 54 52
 37 41 54 48 20 45 67 58 27 21 22 35 52 56 32 21 42 55 52 45 167 43 60 62 67 67 37 56 40 28 56 28 116 31 58 63 113 21 40 68 50 98 71 34 38 27 36 55 0 24 51
 34 32 44 56 28 47 66 54 25 29 21 42 60 61 44 12 52 62 62 34 154 37 60 65 73 63 38 48 28 27 50 27 125 23 46 51 123 24 44 78 60 109 71 45 48 31 43 54 24 0 55
 41 58 67 54 43 40 64 59 61 59 37 43 55 53 57 47 55 55 62 63 197 51 56 58 65 67 36 63 64 65 60 35 149 66 77 80 131 46 78 79 58 114 66 54 66 27 39 52 51 55 0

 0 28 31 50 49 43 54 30 44 48 51 43 55 147 52 46 61 39 57 49 139 48 38 63 58 45 42 51 44 50 52 35 76 61 50 51 47 44 64 74 71 68 51 72 233 35 58 28 56 47 35
 28 0 19 48 40 47 58 33 28 34 41 39 56 150 43 28 57 39 54 33 119 43 42 67 60 48 45 45 24 33 50 32 65 43 34 36 40 32 48 71 69 64 55 65 223 33 56 32 43 28 35
 31 19 0 57 52 51 56 29 40 46 53 50 64 155 55 40 68 47 65 25 126 42 42 68 65 41 50 33 29 44 39 40 77 52 22 21 52 44 59 81 79 75 53 77 235 43 65 33 55 39 43
 50 48 57 0 41 42 63 50 46 39 59 29 23 132 28 57 32 13 20 71 151 73 42 56 36 63 52 76 60 50 75 49 58 66 72 74 23 46 55 37 34 34 51 43 209 33 36 39 52 54 33
 49 40 52 41 0 51 71 51 31 27 49 31 48 150 29 43 44 34 42 60 137 67 52 71 57 66 53 71 47 35 73 44 53 51 61 64 27 32 44 59 58 50 64 52 210 33 49 44 37 39 35
 43 47 51 42 51 0 47 36 53 52 59 40 40 130 49 58 54 25 45 65 153 63 27 46 40 47 42 63 59 59 61 45 77 72 66 66 43 51 69 61 57 60 39 67 231 34 49 23 62 58 32
 54 58 56 63 71 47 0 36 69 71 75 60 56 145 69 72 75 45 65 72 165 69 26 51 54 41 56 64 69 75 58 59 97 87 71 69 63 68 87 79 76 80 32 87 251 53 70 30 79 72 51
 30 33 29 50 51 36 36 0 49 53 56 47 53 142 56 51 64 38 58 49 143 47 26 53 52 28 42 42 47 56 38 40 82 66 48 46 51 50 69 73 70 70 37 76 237 39 59 19 62 52 38
 44 28 40 46 31 53 69 49 0 21 46 39 56 157 34 31 52 42 50 49 121 62 55 76 65 65 55 65 34 21 69 43 52 35 49 52 34 28 35 67 66 57 68 58 212 37 57 45 31 23 40
 48 34 46 39 27 52 71 53 21 0 51 36 51 156 22 39 46 39 41 57 127 69 58 78 63 70 59 72 41 18 76 48 37 37 57 60 27 32 22 57 59 46 70 47 198 39 54 49 28 30 41
 51 41 53 59 49 59 75 56 46 51 0 44 61 158 48 45 61 45 59 58 140 64 54 76 67 64 54 68 47 46 70 42 72 58 59 62 45 39 59 75 74 68 67 70 229 39 61 45 51 44 41
 43 39 50 29 31 40 60 47 39 36 44 0 37 139 29 47 37 23 35 62 142 65 43 61 46 60 47 69 51 42 69 41 57 58 63 65 24 37 50 51 49 45 55 49 211 26 38 36 44 45 27
 55 56 64 23 48 40 56 53 56 51 61 37 0 130 39 68 44 17 17 81 163 80 41 52 29 66 58 82 71 62 80 59 68 78 82 83 35 58 66 28 27 36 47 52 219 43 47 43 64 66 42
 147 150 155 132 150 130 145 142 157 156 158 139 130 0 113 130 117 84 103 138 225 136 94 106 93 119 114 136 131 128 133 117 142 142 139 139 107 121 137 116 114 119 102 129 294 104 113 96 130 129 102
 52 43 55 28 29 49 69 56 34 22 48 29 39 113 0 49 34 29 27 67 141 74 54 71 53 71 58 78 53 34 80 51 37 53 68 71 16 39 36 42 45 32 66 33 189 37 46 48 38 44 38
 46 28 40 57 43 58 72 51 31 39 45 47 68 130 49 0 61 47 60 46 123 59 56 79 70 63 57 62 32 33 66 43 65 43 47 50 44 35 47 76 75 67 69 69 224 42 63 46 43 28 44
 61 57 68 32 44 54 75 64 52 46 61 37 44 117 34 61 0 28 31 77 154 80 54 70 52 74 61 83 64 51 84 56 59 68 78 80 24 49 55 47 47 40 65 45 210 40 46 50 53 57 41
 39 39 47 13 34 25 45 38 42 39 45 23 17 84 29 47 28 0 21 65 147 64 30 44 25 52 42 66 55 48 65 42 60 64 66 67 24 43 55 36 33 36 39 46 211 27 32 28 50 51 25
 57 54 65 20 42 45 65 58 50 41 59 35 17 103 27 60 31 21 0 80 158 82 50 62 39 72 61 85 69 54 84 59 56 72 82 84 27 53 56 17 21 21 57 41 206 43 46 48 57 61 42
 49 33 25 71 60 65 72 49 49 57 58 62 81 138 67 46 77 65 80 0 130 57 59 84 79 59 63 52 34 50 58 52 84 57 31 33 61 52 65 92 90 85 70 86 243 54 77 49 62 45 55
 139 119 126 151 137 153 165 143 121 127 140 142 163 225 141 123 154 147 158 130 0 123 122 145 137 127 123 123 87 90 128 110 126 97 101 104 110 101 105 142 141 133 135 133 287 109 130 112 106 87 111
 48 43 42 73 67 63 69 47 62 69 64 65 80 136 74 59 80 64 82 57 123 0 52 77 73 54 58 54 50 61 57 49 90 70 52 53 62 57 75 90 87 84 63 87 247 51 74 42 68 56 51
 38 42 42 42 52 27 26 26 55 58 54 43 41 94 54 56 54 30 50 59 122 52 0 36 39 35 43 56 58 62 52 46 82 75 62 61 48 55 74 63 60 64 23 72 236 39 54 18 66 60 37
 63 67 68 56 71 46 51 53 76 78 76 61 52 106 71 79 70 44 62 84 145 77 36 0 43 55 60 77 77 77 72 63 94 91 82 81 59 70 88 68 66 71 33 82 247 53 65 37 80 77 51
 58 60 65 36 57 40 54 52 65 63 67 46 29 93 53 70 52 25 39 79 137 73 39 43 0 61 57 79 72 68 76 59 80 83 81 82 44 62 75 48 46 53 41 65 231 45 51 38 70 70 43
 45 48 41 63 66 47 41 28 65 70 64 60 66 119 71 63 74 52 72 59 127 54 35 55 61 0 53 50 58 68 44 52 94 78 57 55 62 62 81 82 79 81 38 87 249 50 70 28 74 64 49
 42 45 50 52 53 42 56 42 55 59 54 47 58 114 58 57 61 42 61 63 123 58 43 60 57 53 0 62 55 57 61 41 79 69 62 63 47 49 68 70 67 67 50 72 234 35 55 28 60 55 34
 51 45 33 76 71 63 64 42 65 72 68 69 82 136 78 62 83 66 85 52 123 54 56 77 79 50 62 0 52 65 46 55 96 74 47 45 68 63 80 94 91 90 60 93 253 57 79 42 74 60 56
 44 24 29 60 47 59 69 47 34 41 47 51 71 131 53 32 64 55 69 34 87 50 58 77 72 58 55 52 0 36 61 46 70 43 35 38 50 41 51 82 81 74 69 75 230 46 68 46 49 31 48
 50 33 44 50 35 59 75 56 21 18 46 42 62 128 34 33 51 48 54 50 90 61 62 77 68 68 57 65 36 0 74 49 47 30 52 55 36 34 26 68 69 57 74 58 209 43 61 52 33 26 45
 52 50 39 75 73 61 58 38 69 76 70 69 80 133 80 66 84 65 84 58 128 57 52 72 76 44 61 46 61 74 0 57 98 79 53 51 69 65 84 93 90 90 54 94 255 57 78 39 77 65 56
 35 32 40 49 44 45 59 40 43 48 42 41 59 117 51 43 56 42 59 52 110 49 46 63 59 52 41 55 46 49 57 0 71 58 53 54 42 40 59 70 68 64 55 68 228 32 55 32 51 44 33
 76 65 77 58 53 77 97 82 52 37 72 57 68 142 37 65 59 60 56 84 126 90 82 94 80 94 79 96 70 47 98 71 0 62 82 85 39 55 38 63 67 53 88 55 202 58 69 69 52 55 60
 61 43 52 66 51 72 87 66 35 37 58 58 78 142 53 43 68 64 72 57 97 70 75 91 83 78 69 74 43 30 79 58 62 0 55 58 50 44 41 82 82 72 83 72 224 53 73 60 45 31 55
 50 34 22 72 61 66 71 48 49 57 59 63 82 139 68 47 78 66 82 31 101 52 62 82 81 57 62 47 35 52 53 53 82 55 0 23 64 55 66 95 93 88 71 89 245 57 80 50 64 46 58
 51 36 21 74 64 66 69 46 52 60 62 65 83 139 71 50 80 67 84 33 104 53 61 81 82 55 63 45 38 55 51 54 85 58 23 0 68 59 70 98 96 91 70 93 249 60 83 51 68 50 60
 47 40 52 23 27 43 63 51 34 27 45 24 35 107 16 44 24 24 27 61 110 62 48 59 44 62 47 68 50 36 69 42 39 50 64 68 0 37 41 42 42 33 59 35 197 32 40 42 40 44 33
 44 32 44 46 32 51 68 50 28 32 39 37 58 121 39 35 49 43 53 52 101 57 55 70 62 62 49 63 41 34 65 40 55 44 55 59 37 0 44 66 65 57 65 59 215 34 54 43 36 33 36
 64 48 59 55 44 69 87 69 35 22 59 50 66 137 36 47 55 55 56 65 105 75 74 88 75 81 68 80 51 26 84 59 38 41 66 70 41 44 0 67 71 57 84 59 206 53 68 63 42 40 55
 74 71 81 37 59 61 79 73 67 57 75 51 28 116 42 76 47 36 17 92 142 90 63 68 48 82 70 94 82 68 93 70 63 82 95 98 42 66 67 0 32 33 68 54 218 57 60 61 71 75 57
 71 69 79 34 58 57 76 70 66 59 74 49 27 114 45 75 47 33 21 90 141 87 60 66 46 79 67 91 81 69 90 68 67 82 93 96 42 65 71 32 0 36 63 54 219 52 55 55 68 72 51
 68 64 75 34 50 60 80 70 57 46 68 45 36 119 32 67 40 36 21 85 133 84 64 71 53 81 67 90 74 57 90 64 53 72 88 91 33 57 57 33 36 0 70 42 206 50 54 58 59 64 50
 51 55 53 51 64 39 32 37 68 70 67 55 47 102 66 69 65 39 57 70 135 63 23 33 41 38 50 60 69 74 54 55 88 83 71 70 59 65 84 68 63 70 0 83 247 51 65 30 79 73 49
 72 65 77 43 52 67 87 76 58 47 70 49 52 129 33 69 45 46 41 86 133 87 72 82 65 87 72 93 75 58 94 68 55 72 89 93 35 59 59 54 54 42 83 0 206 51 57 61 57 62 52
 233 223 235 209 210 231 251 237 212 198 229 211 219 294 189 224 210 211 206 243 287 247 236 247 231 249 234 253 230 209 255 228 202 224 245 249 197 215 206 218 219 206 247 206 0 160 170 172 159 163 162
 35 33 43 33 33 34 53 39 37 39 39 26 43 104 37 42 40 27 43 54 109 51 39 53 45 50 35 57 46 43 57 32 58 53 57 60 32 34 53 57 52 50 51 51 160 0 40 29 45 43 20
 58 56 65 36 49 49 70 59 57 54 61 38 47 113 46 63 46 32 46 77 130 74 54 65 51 70 55 79 68 61 78 55 69 73 80 83 40 54 68 60 55 54 65 57 170 40 0 44 58 59 36
 28 32 33 39 44 23 30 19 45 49 45 36 43 96 48 46 50 28 48 49 112 42 18 37 38 28 28 42 46 52 39 32 69 60 50 51 42 43 63 61 55 58 30 61 172 29 44 0 57 50 29
 56 43 55 52 37 62 79 62 31 28 51 44 64 130 38 43 53 50 57 62 106 68 66 80 70 74 60 74 49 33 77 51 52 45 64 68 40 36 42 71 68 59 79 57 159 45 58 57 0 36 44
 47 28 39 54 39 58 72 52 23 30 44 45 66 129 44 28 57 51 61 45 87 56 60 77 70 64 55 60 31 26 65 44 55 31 46 50 44 33 40 75 72 64 73 62 163 43 59 50 36 0 45
 35 35 43 33 35 32 51 38 40 41 41 27 42 102 38 44 41 25 42 55 111 51 37 51 43 49 34 56 48 45 56 33 60 55 58 60 33 36 55 57 51 50 49 52 162 20 36 29 44 45 0

 0 27 41 157 44 47 48 35 56 70 91 47 58 59 78 42 68 63 62 37 41 34 140 48 66 48 26 39 57 63 34 36 61 57 52 73 56 39 83 86 61 65 67 67 79 51 63 281 62 50 50
 27 0 23 149 29 45 46 32 34 50 75 37 53 56 63 18 58 57 53 15 15 23 138 46 62 45 23 27 31 40 26 27 44 33 30 52 43 21 61 77 53 55 65 54 63 43 55 279 43 25 44
 41 23 0 166 49 57 52 36 54 70 95 56 69 69 83 38 77 73 72 15 30 30 146 55 75 46 36 23 44 59 23 43 64 50 26 45 63 41 80 95 71 74 71 74 83 61 72 288 63 44 60
 157 149 166 0 102 112 123 121 124 127 165 99 92 110 120 119 105 103 91 125 119 125 210 107 110 132 102 130 139 129 123 116 109 128 140 162 98 107 140 115 90 97 133 104 121 115 107 358 124 123 114
 44 29 49 102 0 47 57 48 35 41 81 27 43 54 47 31 43 50 39 40 31 45 146 48 57 61 29 51 52 40 47 37 30 39 55 78 28 19 55 63 40 39 72 39 48 41 46 289 35 34 42
 47 45 57 112 47 0 39 39 63 72 97 42 41 40 73 52 59 47 48 51 53 47 127 29 46 48 24 49 70 70 41 44 60 66 66 86 50 44 86 71 45 55 53 60 75 48 52 274 66 59 45
 48 46 52 123 57 39 0 32 72 84 106 55 50 48 86 59 73 60 61 51 58 46 119 27 53 35 31 43 73 79 31 51 73 74 64 82 63 54 97 82 57 68 39 73 88 60 66 274 76 66 57
 35 32 36 121 48 39 32 0 59 73 94 49 54 52 80 45 69 60 61 35 43 31 126 36 58 29 24 28 58 67 18 39 65 60 48 66 58 43 86 83 58 65 51 69 81 53 62 270 66 53 51
 56 34 54 124 35 63 72 59 0 46 89 46 62 72 63 30 62 69 58 40 26 51 160 64 76 71 42 56 50 37 54 47 40 34 54 77 46 26 57 82 59 57 87 56 61 56 65 301 40 29 58
 70 50 70 127 41 72 84 73 46 0 100 49 63 77 57 44 62 72 55 54 38 64 169 72 80 82 52 69 63 40 67 58 31 42 68 91 45 36 50 78 58 52 95 51 53 64 68 311 43 42 65
 91 75 95 165 81 97 106 94 89 100 0 70 86 92 96 63 90 91 86 68 64 72 178 83 97 89 60 78 82 81 74 65 79 76 83 106 76 56 100 109 86 87 105 87 97 77 88 320 79 69 78
 47 37 56 99 27 42 55 49 46 49 70 0 37 48 52 40 41 44 37 47 41 48 142 43 51 60 28 54 61 52 48 39 39 51 62 84 30 29 66 60 36 39 68 41 54 39 40 286 47 45 39
 58 53 69 92 43 41 50 54 62 63 86 37 0 39 62 61 48 38 19 66 62 63 140 34 34 66 39 67 81 72 59 57 50 71 81 102 41 50 82 37 14 30 60 44 62 56 49 293 67 66 54
 59 56 69 110 54 40 48 52 72 77 92 48 39 0 75 62 60 44 44 62 63 58 132 27 37 58 34 60 80 77 51 54 63 74 77 97 52 52 92 64 40 52 54 60 76 56 54 285 72 68 53
 78 63 83 120 47 73 86 80 63 57 96 52 62 75 0 57 53 65 44 67 55 72 168 68 73 86 54 78 78 59 74 64 34 61 82 105 37 46 67 66 47 41 94 40 47 65 63 313 56 59 65
 42 18 38 119 31 52 59 45 30 44 63 40 61 62 57 0 60 63 57 26 17 37 150 56 70 58 33 42 37 38 40 36 42 31 41 64 45 22 58 80 57 56 77 56 62 50 60 291 41 23 51
 68 58 77 105 43 59 73 69 62 62 90 41 48 60 53 60 0 52 36 65 56 66 156 55 60 77 45 71 77 64 66 57 44 64 80 102 33 44 74 59 37 37 81 40 56 56 51 303 59 60 56
 63 57 73 103 50 47 60 60 69 72 91 44 38 44 65 63 52 0 37 64 60 61 143 40 44 66 37 65 79 72 58 54 56 71 79 100 44 49 85 59 34 44 66 52 68 54 48 292 67 65 51
 62 53 72 91 39 48 61 61 58 55 86 37 19 44 44 57 36 37 0 67 59 67 151 46 46 74 44 72 81 66 65 59 40 67 83 105 35 47 74 28 10 17 72 35 51 58 50 300 62 63 56
 37 15 15 125 40 51 51 35 40 54 68 47 66 62 67 26 65 64 67 0 19 30 148 56 74 49 34 27 34 50 27 40 56 40 20 42 57 34 71 91 67 69 73 68 76 57 69 289 55 35 57
 41 15 30 119 31 53 58 43 26 38 64 41 62 63 55 17 56 60 59 19 0 38 153 59 74 59 36 40 29 32 39 40 40 22 32 55 48 25 53 83 60 59 80 57 62 54 64 294 41 19 55
 34 23 30 125 45 47 46 31 51 64 72 48 63 58 72 37 66 61 67 30 38 0 139 47 66 42 27 27 48 59 24 35 60 51 39 60 56 37 79 87 62 66 64 67 78 52 64 280 59 44 51
 140 138 146 210 146 127 119 126 160 169 178 142 140 132 168 150 156 143 151 148 153 139 0 84 110 101 90 107 134 138 97 110 130 134 127 146 120 113 156 138 113 124 102 130 145 118 122 334 135 126 115
 48 46 55 107 48 29 27 36 64 72 83 43 34 27 68 56 55 40 46 56 59 47 84 0 36 43 29 50 75 75 39 49 64 72 69 88 53 50 92 65 41 53 34 62 78 54 55 275 71 65 51
 66 62 75 110 57 46 53 58 76 80 97 51 34 37 73 70 60 44 46 74 74 66 110 36 0 64 41 67 85 81 58 60 65 79 83 104 53 57 94 60 36 50 57 60 77 61 56 291 76 73 58
 48 45 46 132 61 48 35 29 71 82 89 60 66 58 86 58 77 66 74 49 59 42 101 43 64 0 34 35 68 78 23 50 76 71 56 74 68 54 97 91 66 75 51 79 92 63 72 278 77 64 61
 26 23 36 102 29 24 31 24 42 52 60 28 39 34 54 33 45 37 44 34 36 27 90 29 41 34 0 34 52 54 27 26 48 49 48 69 40 28 71 66 41 48 50 51 64 35 44 265 50 42 33
 39 27 23 130 51 49 43 28 56 69 78 54 67 60 78 42 71 65 72 27 40 27 107 50 67 35 34 0 52 65 15 43 68 57 36 54 64 45 86 93 68 74 63 75 86 60 71 282 67 50 58
 57 31 44 139 52 70 73 58 50 63 82 61 81 80 78 37 77 79 81 34 29 48 134 75 85 68 52 52 0 52 46 50 58 42 40 63 62 39 73 97 74 74 88 73 79 65 76 302 58 37 66
 63 40 59 129 40 70 79 67 37 40 81 52 72 77 59 38 64 72 66 50 32 59 138 75 81 78 54 65 52 0 60 54 36 30 58 81 49 33 49 84 63 58 94 57 59 63 70 309 43 33 64
 34 26 23 123 47 41 31 18 54 67 74 48 59 51 74 40 66 58 65 27 39 24 97 39 58 23 27 15 46 60 0 41 66 58 38 56 61 43 86 88 63 70 53 72 84 56 66 275 66 51 54
 36 27 43 116 37 44 51 39 47 58 65 39 57 54 64 36 57 54 59 40 40 35 110 49 60 50 26 43 50 54 41 0 51 49 50 71 46 30 73 77 53 56 66 58 69 43 55 280 52 42 43
 61 44 64 109 30 60 73 65 40 31 79 39 50 63 34 42 44 56 40 56 40 60 130 64 65 76 48 68 58 36 66 51 0 43 69 92 33 35 42 60 42 35 89 35 33 59 59 307 43 43 60
 57 33 50 128 39 66 74 60 34 42 76 51 71 74 61 31 64 71 67 40 22 51 134 72 79 71 49 57 42 30 58 49 43 0 49 72 51 31 52 86 64 61 91 59 62 61 70 305 43 26 62
 52 30 26 140 55 66 64 48 54 68 83 62 81 77 82 41 80 79 83 20 32 39 127 69 83 56 48 36 40 58 38 50 69 49 0 41 69 46 81 103 79 81 83 80 87 69 81 299 66 45 69
 73 52 45 162 78 86 82 66 77 91 106 84 102 97 105 64 102 100 105 42 55 60 146 88 104 74 69 54 63 81 56 71 92 72 41 0 86 63 98 119 95 97 95 97 104 85 97 313 83 62 84
 56 43 63 98 28 50 63 58 46 45 76 30 41 52 37 45 33 44 35 57 48 56 120 53 53 68 40 64 62 49 61 46 33 51 69 86 0 33 61 55 33 31 76 31 44 49 46 296 47 48 49
 39 21 41 107 19 44 54 43 26 36 56 29 50 52 46 22 44 49 47 34 25 37 113 50 57 54 28 45 39 33 43 30 35 31 46 63 33 0 54 69 46 45 72 45 52 41 50 287 33 27 42
 83 61 80 140 55 86 97 86 57 50 100 66 82 92 67 58 74 85 74 71 53 79 156 92 94 97 71 86 73 49 86 73 42 52 81 98 61 54 0 87 69 62 108 62 60 77 81 324 56 51 78
 86 77 95 115 63 71 82 83 82 78 109 60 37 64 66 80 59 59 28 91 83 87 138 65 60 91 66 93 97 84 88 77 60 86 103 119 55 69 87 0 25 33 87 52 67 76 68 317 80 81 75
 61 53 71 90 40 45 57 58 59 58 86 36 14 40 47 57 37 34 10 67 60 62 113 41 36 66 41 68 74 63 63 53 42 64 79 95 33 46 69 25 0 22 68 38 54 57 49 297 63 64 55
 65 55 74 97 39 55 68 65 57 52 87 39 30 52 41 56 37 44 17 69 59 66 124 53 50 75 48 74 74 58 70 56 35 61 81 97 31 45 62 33 22 0 79 30 45 59 52 304 58 60 58
 67 65 71 133 72 53 39 51 87 95 105 68 60 54 94 77 81 66 72 73 80 64 102 34 57 51 50 63 88 94 53 66 89 91 83 95 76 72 108 87 68 79 0 83 98 72 75 288 90 81 69
 67 54 74 104 39 60 73 69 56 51 87 41 44 60 40 56 40 52 35 68 57 67 130 62 60 79 51 75 73 57 72 58 35 59 80 97 31 45 62 52 38 30 83 0 43 58 53 305 54 56 58
 79 63 83 121 48 75 88 81 61 53 97 54 62 76 47 62 56 68 51 76 62 78 145 78 77 92 64 86 79 59 84 69 33 62 87 104 44 52 60 67 54 45 98 43 0 68 67 317 57 58 69
 51 43 61 115 41 48 60 53 56 64 77 39 56 56 65 50 56 54 58 57 54 52 118 54 61 63 35 60 65 63 56 43 59 61 69 85 49 41 77 76 57 59 72 58 68 0 51 288 57 52 41
 63 55 72 107 46 52 66 62 65 68 88 40 49 54 63 60 51 48 50 69 64 64 122 55 56 72 44 71 76 70 66 55 59 70 81 97 46 50 81 68 49 52 75 53 67 51 0 295 62 60 49
 281 279 288 358 289 274 274 270 301 311 320 286 293 285 313 291 303 292 300 289 294 280 334 275 291 278 265 282 302 309 275 280 307 305 299 313 296 287 324 317 297 304 288 305 317 288 295 0 227 217 208
 62 43 63 124 35 66 76 66 40 43 79 47 67 72 56 41 59 67 62 55 41 59 135 71 76 77 50 67 58 43 66 52 43 43 66 83 47 33 56 80 63 58 90 54 57 57 62 227 0 38 58
 50 25 44 123 34 59 66 53 29 42 69 45 66 68 59 23 60 65 63 35 19 44 126 65 73 64 42 50 37 33 51 42 43 26 45 62 48 27 51 81 64 60 81 56 58 52 60 217 38 0 57
 50 44 60 114 42 45 57 51 58 65 78 39 54 53 65 51 56 51 56 57 55 51 115 51 58 61 33 58 66 64 54 43 60 62 69 84 49 42 78 75 55 58 69 58 69 41 49 208 58 57 0

 0 50 50 40 38 46 54 38 40 52 58 50 40 54 44 58 56 38 48 56 44 44 38 50 56 50 44 44 54 48 50 50 50 52 38 50 48 44 36 44 44 56 44 40 58 58 50 48 38 42 50
 70 0 80 70 68 76 84 68 70 82 88 80 70 84 74 88 86 68 78 86 74 74 68 80 86 80 74 74 84 78 80 80 80 82 68 80 78 74 66 74 74 86 74 70 88 88 80 78 68 72 80
 70 80 0 70 68 76 84 68 70 82 88 80 70 84 74 88 86 68 78 86 74 74 68 80 86 80 74 74 84 78 80 80 80 82 68 80 78 74 66 74 74 86 74 70 88 88 80 78 68 72 80
 40 50 50 0 38 46 54 38 40 52 58 50 40 54 44 58 56 38 48 56 44 44 38 50 56 50 44 44 54 48 50 50 50 52 38 50 48 44 36 44 44 56 44 40 58 58 50 48 38 42 50
 34 44 44 34 0 40 48 32 34 46 52 44 34 48 38 52 50 32 42 50 38 38 32 44 50 44 38 38 48 42 44 44 44 46 32 44 42 38 30 38 38 50 38 34 52 52 44 42 32 36 44
 58 68 68 58 56 0 72 56 58 70 76 68 58 72 62 76 74 56 66 74 62 62 56 68 74 68 62 62 72 66 68 68 68 70 56 68 66 62 54 62 62 74 62 58 76 76 68 66 56 60 68
 82 92 92 82 80 88 0 80 82 94 100 92 82 96 86 100 98 80 90 98 86 86 80 92 98 92 86 86 96 90 92 92 92 94 80 92 90 86 78 86 86 98 86 82 100 100 92 90 80 84 92
 34 44 44 34 32 40 48 0 34 46 52 44 34 48 38 52 50 32 42 50 38 38 32 44 50 44 38 38 48 42 44 44 44 46 32 44 42 38 30 38 38 50 38 34 52 52 44 42 32 36 44
 40 50 50 40 38 46 54 38 0 52 58 50 40 54 44 58 56 38 48 56 44 44 38 50 56 50 44 44 54 48 50 50 50 52 38 50 48 44 36 44 44 56 44 40 58 58 50 48 38 42 50
 76 86 86 76 74 82 90 74 76 0 94 86 76 90 80 94 92 74 84 92 80 80 74 86 92 86 80 80 90 84 86 86 86 88 74 86 84 80 72 80 80 92 80 76 94 94 86 84 74 78 86
 94 104 104 94 92 100 108 92 94 106 0 104 94 108 98 112 110 92 102 110 98 98 92 104 110 104 98 98 108 102 104 104 104 106 92 104 102 98 90 98 98 110 98 94 112 112 104 102 92 96 104
 70 80 80 70 68 76 84 68 70 82 88 0 70 84 74 88 86 68 78 86 74 74 68 80 86 80 74 74 84 78 80 80 80 82 68 80 78 74 66 74 74 86 74 70 88 88 80 78 68 72 80
 40 50 50 40 38 46 54 38 40 52 58 50 0 54 44 58 56 38 48 56 44 44 38 50 56 50 44 44 54 48 50 50 50 52 38 50 48 44 36 44 44 56 44 40 58 58 50 48 38 42 50
 82 92 92 82 80 88 96 80 82 94 100 92 82 0 86 100 98 80 90 98 86 86 80 92 98 92 86 86 96 90 92 92 92 94 80 92 90 86 78 86 86 98 86 82 100 100 92 90 80 84 92
 52 62 62 52 50 58 66 50 52 64 70 62 52 66 0 70 68 50 60 68 56 56 50 62 68 62 56 56 66 60 62 62 62 64 50 62 60 56 48 56 56 68 56 52 70 70 62 60 50 54 62
 94 104 104 94 92 100 108 92 94 106 112 104 94 108 98 0 110 92 102 110 98 98 92 104 110 104 98 98 108 102 104 104 104 106 92 104 102 98 90 98 98 110 98 94 112 112 104 102 92 96 104
 88 98 98 88 86 94 102 86 88 100 106 98 88 102 92 106 0 86 96 104 92 92 86 98 104 98 92 92 102 96 98 98 98 100 86 98 96 92 84 92 92 104 92 88 106 106 98 96 86 90 98
 34 44 44 34 32 40 48 32 34 46 52 44 34 48 38 52 50 0 42 50 38 38 32 44 50 44 38 38 48 42 44 44 44 46 32 44 42 38 30 38 38 50 38 34 52 52 44 42 32 36 44
 64 74 74 64 62 70 78 62 64 76 82 74 64 78 68 82 80 62 0 80 68 68 62 74 80 74 68 68 78 72 74 74 74 76 62 74 72 68 60 68 68 80 68 64 82 82 74 72 62 66 74
 88 98 98 88 86 94 102 86 88 100 106 98 88 102 92 106 104 86 96 0 92 92 86 98 104 98 92 92 102 96 98 98 98 100 86 98 96 92 84 92 92 104 92 88 106 106 98 96 86 90 98
 52 62 62 52 50 58 66 50 52 64 70 62 52 66 56 70 68 50 60 68 0 56 50 62 68 62 56 56 66 60 62 62 62 64 50 62 60 56 48 56 56 68 56 52 70 70 62 60 50 54 62
 52 62 62 52 50 58 66 50 52 64 70 62 52 66 56 70 68 50 60 68 56 0 50 62 68 62 56 56 66 60 62 62 62 64 50 62 60 56 48 56 56 68 56 52 70 70 62 60 50 54 62
 34 44 44 34 32 40 48 32 34 46 52 44 34 48 38 52 50 32 42 50 38 38 0 44 50 44 38 38 48 42 44 44 44 46 32 44 42 38 30 38 38 50 38 34 52 52 44 42 32 36 44
 70 80 80 70 68 76 84 68 70 82 88 80 70 84 74 88 86 68 78 86 74 74 68 0 86 80 74 74 84 78 80 80 80 82 68 80 78 74 66 74 74 86 74 70 88 88 80 78 68 72 80
 88 98 98 88 86 94 102 86 88 100 106 98 88 102 92 106 104 86 96 104 92 92 86 98 0 98 92 92 102 96 98 98 98 100 86 98 96 92 84 92 92 104 92 88 106 106 98 96 86 90 98
 70 80 80 70 68 76 84 68 70 82 88 80 70 84 74 88 86 68 78 86 74 74 68 80 86 0 74 74 84 78 80 80 80 82 68 80 78 74 66 74 74 86 74 70 88 88 80 78 68 72 80
 52 62 62 52 50 58 66 50 52 64 70 62 52 66 56 70 68 50 60 68 56 56 50 62 68 62 0 56 66 60 62 62 62 64 50 62 60 56 48 56 56 68 56 52 70 70 62 60 50 54 62
 52 62 62 52 50 58 66 50 52 64 70 62 52 66 56 70 68 50 60 68 56 56 50 62 68 62 56 0 66 60 62 62 62 64 50 62 60 56 48 56 56 68 56 52 70 70 62 60 50 54 62
 82 92 92 82 80 88 96 80 82 94 100 92 82 96 86 100 98 80 90 98 86 86 80 92 98 92 86 86 0 90 92 92 92 94 80 92 90 86 78 86 86 98 86 82 100 100 92 90 80 84 92
 64 74 74 64 62 70 78 62 64 76 82 74 64 78 68 82 80 62 72 80 68 68 62 74 80 74 68 68 78 0 74 74 74 76 62 74 72 68 60 68 68 80 68 64 82 82 74 72 62 66 74
 70 80 80 70 68 76 84 68 70 82 88 80 70 84 74 88 86 68 78 86 74 74 68 80 86 80 74 74 84 78 0 80 80 82 68 80 78 74 66 74 74 86 74 70 88 88 80 78 68 72 80
 70 80 80 70 68 76 84 68 70 82 88 80 70 84 74 88 86 68 78 86 74 74 68 80 86 80 74 74 84 78 80 0 80 82 68 80 78 74 66 74 74 86 74 70 88 88 80 78 68 72 80
 70 80 80 70 68 76 84 68 70 82 88 80 70 84 74 88 86 68 78 86 74 74 68 80 86 80 74 74 84 78 80 80 0 82 68 80 78 74 66 74 74 86 74 70 88 88 80 78 68 72 80
 76 86 86 76 74 82 90 74 76 88 94 86 76 90 80 94 92 74 84 92 80 80 74 86 92 86 80 80 90 84 86 86 86 0 74 86 84 80 72 80 80 92 80 76 94 94 86 84 74 78 86
 34 44 44 34 32 40 48 32 34 46 52 44 34 48 38 52 50 32 42 50 38 38 32 44 50 44 38 38 48 42 44 44 44 46 0 44 42 38 30 38 38 50 38 34 52 52 44 42 32 36 44
 70 80 80 70 68 76 84 68 70 82 88 80 70 84 74 88 86 68 78 86 74 74 68 80 86 80 74 74 84 78 80 80 80 82 68 0 78 74 66 74 74 86 74 70 88 88 80 78 68 72 80
 64 74 74 64 62 70 78 62 64 76 82 74 64 78 68 82 80 62 72 80 68 68 62 74 80 74 68 68 78 72 74 74 74 76 62 74 0 68 60 68 68 80 68 64 82 82 74 72 62 66 74
 52 62 62 52 50 58 66 50 52 64 70 62 52 66 56 70 68 50 60 68 56 56 50 62 68 62 56 56 66 60 62 62 62 64 50 62 60 0 48 56 56 68 56 52 70 70 62 60 50 54 62
 28 38 38 28 26 34 42 26 28 40 46 38 28 42 32 46 44 26 36 44 32 32 26 38 44 38 32 32 42 36 38 38 38 40 26 38 36 32 0 32 32 44 32 28 46 46 38 36 26 30 38
 52 62 62 52 50 58 66 50 52 64 70 62 52 66 56 70 68 50 60 68 56 56 50 62 68 62 56 56 66 60 62 62 62 64 50 62 60 56 48 0 56 68 56 52 70 70 62 60 50 54 62
 52 62 62 52 50 58 66 50 52 64 70 62 52 66 56 70 68 50 60 68 56 56 50 62 68 62 56 56 66 60 62 62 62 64 50 62 60 56 48 56 0 68 56 52 70 70 62 60 50 54 62
 88 98 98 88 86 94 102 86 88 100 106 98 88 102 92 106 104 86 96 104 92 92 86 98 104 98 92 92 102 96 98 98 98 100 86 98 96 92 84 92 92 0 92 88 106 106 98 96 86 90 98
 52 62 62 52 50 58 66 50 52 64 70 62 52 66 56 70 68 50 60 68 56 56 50 62 68 62 56 56 66 60 62 62 62 64 50 62 60 56 48 56 56 68 0 52 70 70 62 60 50 54 62
 40 50 50 40 38 46 54 38 40 52 58 50 40 54 44 58 56 38 48 56 44 44 38 50 56 50 44 44 54 48 50 50 50 52 38 50 48 44 36 44 44 56 44 0 58 58 50 48 38 42 50
 94 104 104 94 92 100 108 92 94 106 112 104 94 108 98 112 110 92 102 110 98 98 92 104 110 104 98 98 108 102 104 104 104 106 92 104 102 98 90 98 98 110 98 94 0 112 104 102 92 96 104
 94 104 104 94 92 100 108 92 94 106 112 104 94 108 98 112 110 92 102 110 98 98 92 104 110 104 98 98 108 102 104 104 104 106 92 104 102 98 90 98 98 110 98 94 112 0 104 102 92 96 104
 70 80 80 70 68 76 84 68 70 82 88 80 70 84 74 88 86 68 78 86 74 74 68 80 86 80 74 74 84 78 80 80 80 82 68 80 78 74 66 74 74 86 74 70 88 88 0 78 68 72 80
 64 74 74 64 62 70 78 62 64 76 82 74 64 78 68 82 80 62 72 80 68 68 62 74 80 74 68 68 78 72 74 74 74 76 62 74 72 68 60 68 68 80 68 64 82 82 74 0 62 66 74
 34 44 44 34 32 40 48 32 34 46 52 44 34 48 38 52 50 32 42 50 38 38 32 44 50 44 38 38 48 42 44 44 44 46 32 44 42 38 30 38 38 50 38 34 52 52 44 42 0 36 44
 46 56 56 46 44 52 60 44 46 58 64 56 46 60 50 64 62 44 54 62 50 50 44 56 62 56 50 50 60 54 56 56 56 58 44 56 54 50 42 50 50 62 50 46 64 64 56 54 44 0 56
 70 80 80 70 68 76 84 68 70 82 88 80 70 84 74 88 86 68 78 86 74 74 68 80 86 80 74 74 84 78 80 80 80 82 68 80 78 74 66 74 74 86 74 70 88 88 80 78 68 72 0

 0 84 78 78 76 72 80 74 70 84 72 82 76 80 82 76 74 68 68 74 68 82 86 72 82 78 78 82 88 70 78 74 68 88 72 76 70 72 86 86 88 74 78 82 86 72 82 84 78 82 70
 92 0 90 90 88 84 92 86 82 96 84 94 88 92 94 88 86 80 80 86 80 94 98 84 94 90 90 94 100 82 90 86 80 100 84 88 82 84 98 98 100 86 90 94 98 84 94 96 90 94 82
 74 78 0 72 70 66 74 68 64 78 66 76 70 74 76 70 68 62 62 68 62 76 80 66 76 72 72 76 82 64 72 68 62 82 66 70 64 66 80 80 82 68 72 76 80 66 76 78 72 76 64
 74 78 72 0 70 66 74 68 64 78 66 76 70 74 76 70 68 62 62 68 62 76 80 66 76 72 72 76 82 64 72 68 62 82 66 70 64 66 80 80 82 68 72 76 80 66 76 78 72 76 64
 68 72 66 66 0 60 68 62 58 72 60 70 64 68 70 64 62 56 56 62 56 70 74 60 70 66 66 70 76 58 66 62 56 76 60 64 58 60 74 74 76 62 66 70 74 60 70 72 66 70 58
 56 60 54 54 52 0 56 50 46 60 48 58 52 56 58 52 50 44 44 50 44 58 62 48 58 54 54 58 64 46 54 50 44 64 48 52 46 48 62 62 64 50 54 58 62 48 58 60 54 58 46
 80 84 78 78 76 72 0 74 70 84 72 82 76 80 82 76 74 68 68 74 68 82 86 72 82 78 78 82 88 70 78 74 68 88 72 76 70 72 86 86 88 74 78 82 86 72 82 84 78 82 70
 62 66 60 60 58 54 62 0 52 66 54 64 58 62 64 58 56 50 50 56 50 64 68 54 64 60 60 64 70 52 60 56 50 70 54 58 52 54 68 68 70 56 60 64 68 54 64 66 60 64 52
 50 54 48 48 46 42 50 44 0 54 42 52 46 50 52 46 44 38 38 44 38 52 56 42 52 48 48 52 58 40 48 44 38 58 42 46 40 42 56 56 58 44 48 52 56 42 52 54 48 52 40
 92 96 90 90 88 84 92 86 82 0 84 94 88 92 94 88 86 80 80 86 80 94 98 84 94 90 90 94 100 82 90 86 80 100 84 88 82 84 98 98 100 86 90 94 98 84 94 96 90 94 82
 56 60 54 54 52 48 56 50 46 60 0 58 52 56 58 52 50 44 44 50 44 58 62 48 58 54 54 58 64 46 54 50 44 64 48 52 46 48 62 62 64 50 54 58 62 48 58 60 54 58 46
 86 90 84 84 82 78 86 80 76 90 78 0 82 86 88 82 80 74 74 80 74 88 92 78 88 84 84 88 94 76 84 80 74 94 78 82 76 78 92 92 94 80 84 88 92 78 88 90 84 88 76
 68 72 66 66 64 60 68 62 58 72 60 70 0 68 70 64 62 56 56 62 56 70 74 60 70 66 66 70 76 58 66 62 56 76 60 64 58 60 74 74 76 62 66 70 74 60 70 72 66 70 58
 80 84 78 78 76 72 80 74 70 84 72 82 76 0 82 76 74 68 68 74 68 82 86 72 82 78 78 82 88 70 78 74 68 88 72 76 70 72 86 86 88 74 78 82 86 72 82 84 78 82 70
 86 90 84 84 82 78 86 80 76 90 78 88 82 86 0 82 80 74 74 80 74 88 92 78 88 84 84 88 94 76 84 80 74 94 78 82 76 78 92 92 94 80 84 88 92 78 88 90 84 88 76
 68 72 66 66 64 60 68 62 58 72 60 70 64 68 70 0 62 56 56 62 56 70 74 60 70 66 66 70 76 58 66 62 56 76 60 64 58 60 74 74 76 62 66 70 74 60 70 72 66 70 58
 62 66 60 60 58 54 62 56 52 66 54 64 58 62 64 58 0 50 50 56 50 64 68 54 64 60 60 64 70 52 60 56 50 70 54 58 52 54 68 68 70 56 60 64 68 54 64 66 60 64 52
 44 48 42 42 40 36 44 38 34 48 36 46 40 44 46 40 38 0 32 38 32 46 50 36 46 42 42 46 52 34 42 38 32 52 36 40 34 36 50 50 52 38 42 46 50 36 46 48 42 46 34
 44 48 42 42 40 36 44 38 34 48 36 46 40 44 46 40 38 32 0 38 32 46 50 36 46 42 42 46 52 34 42 38 32 52 36 40 34 36 50 50 52 38 42 46 50 36 46 48 42 46 34
 62 66 60 60 58 54 62 56 52 66 54 64 58 62 64 58 56 50 50 0 50 64 68 54 64 60 60 64 70 52 60 56 50 70 54 58 52 54 68 68 70 56 60 64 68 54 64 66 60 64 52
 44 48 42 42 40 36 44 38 34 48 36 46 40 44 46 40 38 32 32 38 0 46 50 36 46 42 42 46 52 34 42 38 32 52 36 40 34 36 50 50 52 38 42 46 50 36 46 48 42 46 34
 86 90 84 84 82 78 86 80 76 90 78 88 82 86 88 82 80 74 74 80 74 0 92 78 88 84 84 88 94 76 84 80 74 94 78 82 76 78 92 92 94 80 84 88 92 78 88 90 84 88 76
 98 102 96 96 94 90 98 92 88 102 90 100 94 98 100 94 92 86 86 92 86 100 0 90 100 96 96 100 106 88 96 92 86 106 90 94 88 90 104 104 106 92 96 100 104 90 100 102 96 100 88
 56 60 54 54 52 48 56 50 46 60 48 58 52 56 58 52 50 44 44 50 44 58 62 0 58 54 54 58 64 46 54 50 44 64 48 52 46 48 62 62 64 50 54 58 62 48 58 60 54 58 46
 86 90 84 84 82 78 86 80 76 90 78 88 82 86 88 82 80 74 74 80 74 88 92 78 0 84 84 88 94 76 84 80 74 94 78 82 76 78 92 92 94 80 84 88 92 78 88 90 84 88 76
 74 78 72 72 70 66 74 68 64 78 66 76 70 74 76 70 68 62 62 68 62 76 80 66 76 0 72 76 82 64 72 68 62 82 66 70 64 66 80 80 82 68 72 76 80 66 76 78 72 76 64
 74 78 72 72 70 66 74 68 64 78 66 76 70 74 76 70 68 62 62 68 62 76 80 66 76 72 0 76 82 64 72 68 62 82 66 70 64 66 80 80 82 68 72 76 80 66 76 78 72 76 64
 86 90 84 84 82 78 86 80 76 90 78 88 82 86 88 82 80 74 74 80 74 88 92 78 88 84 84 0 94 76 84 80 74 94 78 82 76 78 92 92 94 80 84 88 92 78 88 90 84 88 76
 104 108 102 102 100 96 104 98 94 108 96 106 100 104 106 100 98 92 92 98 92 106 110 96 106 102 102 106 0 94 102 98 92 112 96 100 94 96 110 110 112 98 102 106 110 96 106 108 102 106 94
 50 54 48 48 46 42 50 44 40 54 42 52 46 50 52 46 44 38 38 44 38 52 56 42 52 48 48 52 58 0 48 44 38 58 42 46 40 42 56 56 58 44 48 52 56 42 52 54 48 52 40
 74 78 72 72 70 66 74 68 64 78 66 76 70 74 76 70 68 62 62 68 62 76 80 66 76 72 72 76 82 64 0 68 62 82 66 70 64 66 80 80 82 68 72 76 80 66 76 78 72 76 64
 62 66 60 60 58 54 62 56 52 66 54 64 58 62 64 58 56 50 50 56 50 64 68 54 64 60 60 64 70 52 60 0 50 70 54 58 52 54 68 68 70 56 60 64 68 54 64 66 60 64 52
 44 48 42 42 40 36 44 38 34 48 36 46 40 44 46 40 38 32 32 38 32 46 50 36 46 42 42 46 52 34 42 38 0 52 36 40 34 36 50 50 52 38 42 46 50 36 46 48 42 46 34
 104 108 102 102 100 96 104 98 94 108 96 106 100 104 106 100 98 92 92 98 92 106 110 96 106 102 102 106 112 94 102 98 92 0 96 100 94 96 110 110 112 98 102 106 110 96 106 108 102 106 94
 56 60 54 54 52 48 56 50 46 60 48 58 52 56 58 52 50 44 44 50 44 58 62 48 58 54 54 58 64 46 54 50 44 64 0 52 46 48 62 62 64 50 54 58 62 48 58 60 54 58 46
 68 72 66 66 64 60 68 62 58 72 60 70 64 68 70 64 62 56 56 62 56 70 74 60 70 66 66 70 76 58 66 62 56 76 60 0 58 60 74 74 76 62 66 70 74 60 70 72 66 70 58
 50 54 48 48 46 42 50 44 40 54 42 52 46 50 52 46 44 38 38 44 38 52 56 42 52 48 48 52 58 40 48 44 38 58 42 46 0 42 56 56 58 44 48 52 56 42 52 54 48 52 40
 56 60 54 54 52 48 56 50 46 60 48 58 52 56 58 52 50 44 44 50 44 58 62 48 58 54 54 58 64 46 54 50 44 64 48 52 46 0 62 62 64 50 54 58 62 48 58 60 54 58 46
 98 102 96 96 94 90 98 92 88 102 90 100 94 98 100 94 92 86 86 92 86 100 104 90 100 96 96 100 106 88 96 92 86 106 90 94 88 90 0 104 106 92 96 100 104 90 100 102 96 100 88
 98 102 96 96 94 90 98 92 88 102 90 100 94 98 100 94 92 86 86 92 86 100 104 90 100 96 96 100 106 88 96 92 86 106 90 94 88 90 104 0 106 92 96 100 104 90 100 102 96 100 88
 104 108 102 102 100 96 104 98 94 108 96 106 100 104 106 100 98 92 92 98 92 106 110 96 106 102 102 106 112 94 102 98 92 112 96 100 94 96 110 110 0 98 102 106 110 96 106 108 102 106 94
 62 66 60 60 58 54 62 56 52 66 54 64 58 62 64 58 56 50 50 56 50 64 68 54 64 60 60 64 70 52 60 56 50 70 54 58 52 54 68 68 70 0 60 64 68 54 64 66 60 64 52
 74 78 72 72 70 66 74 68 64 78 66 76 70 74 76 70 68 62 62 68 62 76 80 66 76 72 72 76 82 64 72 68 62 82 66 70 64 66 80 80 82 68 0 76 80 66 76 78 72 76 64
 86 90 84 84 82 78 86 80 76 90 78 88 82 86 88 82 80 74 74 80 74 88 92 78 88 84 84 88 94 76 84 80 74 94 78 82 76 78 92 92 94 80 84 0 92 78 88 90 84 88 76
 98 102 96 96 94 90 98 92 88 102 90 100 94 98 100 94 92 86 86 92 86 100 104 90 100 96 96 100 106 88 96 92 86 106 90 94 88 90 104 104 106 92 96 100 0 90 100 102 96 100 88
 56 60 54 54 52 48 56 50 46 60 48 58 52 56 58 52 50 44 44 50 44 58 62 48 58 54 54 58 64 46 54 50 44 64 48 52 46 48 62 62 64 50 54 58 62 0 58 60 54 58 46
 86 90 84 84 82 78 86 80 76 90 78 88 82 86 88 82 80 74 74 80 74 88 92 78 88 84 84 88 94 76 84 80 74 94 78 82 76 78 92 92 94 80 84 88 92 78 0 90 84 88 76
 92 96 90 90 88 84 92 86 82 96 84 94 88 92 94 88 86 80 80 86 80 94 98 84 94 90 90 94 100 82 90 86 80 100 84 88 82 84 98 98 100 86 90 94 98 84 94 0 90 94 82
 74 78 72 72 70 66 74 68 64 78 66 76 70 74 76 70 68 62 62 68 62 76 80 66 76 72 72 76 82 64 72 68 62 82 66 70 64 66 80 80 82 68 72 76 80 66 76 78 0 76 64
 86 90 84 84 82 78 86 80 76 90 78 88 82 86 88 82 80 74 74 80 74 88 92 78 88 84 84 88 94 76 84 80 74 94 78 82 76 78 92 92 94 80 84 88 92 78 88 90 84 0 76
 50 54 48 48 46 42 50 44 40 54 42 52 46 50 52 46 44 38 38 44 38 52 56 42 52 48 48 52 58 40 48 44 38 58 42 46 40 42 56 56 58 44 48 52 56 42 52 54 48 52 0

 0 44 42 40 32 40 48 36 36 32 42 46 44 32 44 38 46 42 50 46 32 36 36 32 38 42 34 50 30 44 38 48 44 40 48 50 40 32 46 36 42 44 38 50 36 40 46 40 46 30 42
 68 0 78 76 68 76 84 72 72 68 78 82 80 68 80 74 82 78 86 82 68 72 72 68 74 78 70 86 66 80 74 84 80 76 84 86 76 68 82 72 78 80 74 86 72 76 82 76 82 66 78
 62 74 0 70 62 70 78 66 66 62 72 76 74 62 74 68 76 72 80 76 62 66 66 62 68 72 64 80 60 74 68 78 74 70 78 80 70 62 76 66 72 74 68 80 66 70 76 70 76 60 72
 56 68 66 0 56 64 72 60 60 56 66 70 68 56 68 62 70 66 74 70 56 60 60 56 62 66 58 74 54 68 62 72 68 64 72 74 64 56 70 60 66 68 62 74 60 64 70 64 70 54 66
 32 44 42 40 0 40 48 36 36 32 42 46 44 32 44 38 46 42 50 46 32 36 36 32 38 42 34 50 30 44 38 48 44 40 48 50 40 32 46 36 42 44 38 50 36 40 46 40 46 30 42
 56 68 66 64 56 0 72 60 60 56 66 70 68 56 68 62 70 66 74 70 56 60 60 56 62 66 58 74 54 68 62 72 68 64 72 74 64 56 70 60 66 68 62 74 60 64 70 64 70 54 66
 80 92 90 88 80 88 0 84 84 80 90 94 92 80 92 86 94 90 98 94 80 84 84 80 86 90 82 98 78 92 86 96 92 88 96 98 88 80 94 84 90 92 86 98 84 88 94 88 94 78 90
 44 56 54 52 44 52 60 0 48 44 54 58 56 44 56 50 58 54 62 58 44 48 48 44 50 54 46 62 42 56 50 60 56 52 60 62 52 44 58 48 54 56 50 62 48 52 58 52 58 42 54
 44 56 54 52 44 52 60 48 0 44 54 58 56 44 56 50 58 54 62 58 44 48 48 44 50 54 46 62 42 56 50 60 56 52 60 62 52 44 58 48 54 56 50 62 48 52 58 52 58 42 54
 32 44 42 40 32 40 48 36 36 0 42 46 44 32 44 38 46 42 50 46 32 36 36 32 38 42 34 50 30 44 38 48 44 40 48 50 40 32 46 36 42 44 38 50 36 40 46 40 46 30 42
 62 74 72 70 62 70 78 66 66 62 0 76 74 62 74 68 76 72 80 76 62 66 66 62 68 72 64 80 60 74 68 78 74 70 78 80 70 62 76 66 72 74 68 80 66 70 76 70 76 60 72
 74 86 84 82 74 82 90 78 78 74 84 0 86 74 86 80 88 84 92 88 74 78 78 74 80 84 76 92 72 86 80 90 86 82 90 92 82 74 88 78 84 86 80 92 78 82 88 82 88 72 84
 68 80 78 76 68 76 84 72 72 68 78 82 0 68 80 74 82 78 86 82 68 72 72 68 74 78 70 86 66 80 74 84 80 76 84 86 76 68 82 72 78 80 74 86 72 76 82 76 82 66 78
 32 44 42 40 32 40 48 36 36 32 42 46 44 0 44 38 46 42 50 46 32 36 36 32 38 42 34 50 30 44 38 48 44 40 48 50 40 32 46 36 42 44 38 50 36 40 46 40 46 30 42
 68 80 78 76 68 76 84 72 72 68 78 82 80 68 0 74 82 78 86 82 68 72 72 68 74 78 70 86 66 80 74 84 80 76 84 86 76 68 82 72 78 80 74 86 72 76 82 76 82 66 78
 50 62 60 58 50 58 66 54 54 50 60 64 62 50 62 0 64 60 68 64 50 54 54 50 56 60 52 68 48 62 56 66 62 58 66 68 58 50 64 54 60 62 56 68 54 58 64 58 64 48 60
 74 86 84 82 74 82 90 78 78 74 84 88 86 74 86 80 0 84 92 88 74 78 78 74 80 84 76 92 72 86 80 90 86 82 90 92 82 74 88 78 84 86 80 92 78 82 88 82 88 72 84
 62 74 72 70 62 70 78 66 66 62 72 76 74 62 74 68 76 0 80 76 62 66 66 62 68 72 64 80 60 74 68 78 74 70 78 80 70 62 76 66 72 74 68 80 66 70 76 70 76 60 72
 86 98 96 94 86 94 102 90 90 86 96 100 98 86 98 92 100 96 0 100 86 90 90 86 92 96 88 104 84 98 92 102 98 94 102 104 94 86 100 90 96 98 92 104 90 94 100 94 100 84 96
 74 86 84 82 74 82 90 78 78 74 84 88 86 74 86 80 88 84 92 0 74 78 78 74 80 84 76 92 72 86 80 90 86 82 90 92 82 74 88 78 84 86 80 92 78 82 88 82 88 72 84
 32 44 42 40 32 40 48 36 36 32 42 46 44 32 44 38 46 42 50 46 0 36 36 32 38 42 34 50 30 44 38 48 44 40 48 50 40 32 46 36 42 44 38 50 36 40 46 40 46 30 42
 44 56 54 52 44 52 60 48 48 44 54 58 56 44 56 50 58 54 62 58 44 0 48 44 50 54 46 62 42 56 50 60 56 52 60 62 52 44 58 48 54 56 50 62 48 52 58 52 58 42 54
 44 56 54 52 44 52 60 48 48 44 54 58 56 44 56 50 58 54 62 58 44 48 0 44 50 54 46 62 42 56 50 60 56 52 60 62 52 44 58 48 54 56 50 62 48 52 58 52 58 42 54
 32 44 42 40 32 40 48 36 36 32 42 46 44 32 44 38 46 42 50 46 32 36 36 0 38 42 34 50 30 44 38 48 44 40 48 50 40 32 46 36 42 44 38 50 36 40 46 40 46 30 42
 50 62 60 58 50 58 66 54 54 50 60 64 62 50 62 56 64 60 68 64 50 54 54 50 0 60 52 68 48 62 56 66 62 58 66 68 58 50 64 54 60 62 56 68 54 58 64 58 64 48 60
 62 74 72 70 62 70 78 66 66 62 72 76 74 62 74 68 76 72 80 76 62 66 66 62 68 0 64 80 60 74 68 78 74 70 78 80 70 62 76 66 72 74 68 80 66 70 76 70 76 60 72
 38 50 48 46 38 46 54 42 42 38 48 52 50 38 50 44 52 48 56 52 38 42 42 38 44 48 0 56 36 50 44 54 50 46 54 56 46 38 52 42 48 50 44 56 42 46 52 46 52 36 48
 86 98 96 94 86 94 102 90 90 86 96 100 98 86 98 92 100 96 104 100 86 90 90 86 92 96 88 0 84 98 92 102 98 94 102 104 94 86 100 90 96 98 92 104 90 94 100 94 100 84 96
 26 38 36 34 26 34 42 30 30 26 36 40 38 26 38 32 40 36 44 40 26 30 30 26 32 36 28 44 0 38 32 42 38 34 42 44 34 26 40 30 36 38 32 44 30 34 40 34 40 24 36
 68 80 78 76 68 76 84 72 72 68 78 82 80 68 80 74 82 78 86 82 68 72 72 68 74 78 70 86 66 0 74 84 80 76 84 86 76 68 82 72 78 80 74 86 72 76 82 76 82 66 78
 50 62 60 58 50 58 66 54 54 50 60 64 62 50 62 56 64 60 68 64 50 54 54 50 56 60 52 68 48 62 0 66 62 58 66 68 58 50 64 54 60 62 56 68 54 58 64 58 64 48 60
 80 92 90 88 80 88 96 84 84 80 90 94 92 80 92 86 94 90 98 94 80 84 84 80 86 90 82 98 78 92 86 0 92 88 96 98 88 80 94 84 90 92 86 98 84 88 94 88 94 78 90
 68 80 78 76 68 76 84 72 72 68 78 82 80 68 80 74 82 78 86 82 68 72 72 68 74 78 70 86 66 80 74 84 0 76 84 86 76 68 82 72 78 80 74 86 72 76 82 76 82 66 78
 56 68 66 64 56 64 72 60 60 56 66 70 68 56 68 62 70 66 74 70 56 60 60 56 62 66 58 74 54 68 62 72 68 0 72 74 64 56 70 60 66 68 62 74 60 64 70 64 70 54 66
 80 92 90 88 80 88 96 84 84 80 90 94 92 80 92 86 94 90 98 94 80 84 84 80 86 90 82 98 78 92 86 96 92 88 0 98 88 80 94 84 90 92 86 98 84 88 94 88 94 78 90
 86 98 96 94 86 94 102 90 90 86 96 100 98 86 98 92 100 96 104 100 86 90 90 86 92 96 88 104 84 98 92 102 98 94 102 0 94 86 100 90 96 98 92 104 90 94 100 94 100 84 96
 56 68 66 64 56 64 72 60 60 56 66 70 68 56 68 62 70 66 74 70 56 60 60 56 62 66 58 74 54 68 62 72 68 64 72 74 0 56 70 60 66 68 62 74 60 64 70 64 70 54 66
 32 44 42 40 32 40 48 36 36 32 42 46 44 32 44 38 46 42 50 46 32 36 36 32 38 42 34 50 30 44 38 48 44 40 48 50 40 0 46 36 42 44 38 50 36 40 46 40 46 30 42
 74 86 84 82 74 82 90 78 78 74 84 88 86 74 86 80 88 84 92 88 74 78 78 74 80 84 76 92 72 86 80 90 86 82 90 92 82 74 0 78 84 86 80 92 78 82 88 82 88 72 84
 44 56 54 52 44 52 60 48 48 44 54 58 56 44 56 50 58 54 62 58 44 48 48 44 50 54 46 62 42 56 50 60 56 52 60 62 52 44 58 0 54 56 50 62 48 52 58 52 58 42 54
 62 74 72 70 62 70 78 66 66 62 72 76 74 62 74 68 76 72 80 76 62 66 66 62 68 72 64 80 60 74 68 78 74 70 78 80 70 62 76 66 0 74 68 80 66 70 76 70 76 60 72
 68 80 78 76 68 76 84 72 72 68 78 82 80 68 80 74 82 78 86 82 68 72 72 68 74 78 70 86 66 80 74 84 80 76 84 86 76 68 82 72 78 0 74 86 72 76 82 76 82 66 78
 50 62 60 58 50 58 66 54 54 50 60 64 62 50 62 56 64 60 68 64 50 54 54 50 56 60 52 68 48 62 56 66 62 58 66 68 58 50 64 54 60 62 0 68 54 58 64 58 64 48 60
 86 98 96 94 86 94 102 90 90 86 96 100 98 86 98 92 100 96 104 100 86 90 90 86 92 96 88 104 84 98 92 102 98 94 102 104 94 86 100 90 96 98 92 0 90 94 100 94 100 84 96
 44 56 54 52 44 52 60 48 48 44 54 58 56 44 56 50 58 54 62 58 44 48 48 44 50 54 46 62 42 56 50 60 56 52 60 62 52 44 58 48 54 56 50 62 0 52 58 52 58 42 54
 56 68 66 64 56 64 72 60 60 56 66 70 68 56 68 62 70 66 74 70 56 60 60 56 62 66 58 74 54 68 62 72 68 64 72 74 64 56 70 60 66 68 62 74 60 0 70 64 70 54 66
 74 86 84 82 74 82 90 78 78 74 84 88 86 74 86 80 88 84 92 88 74 78 78 74 80 84 76 92 72 86 80 90 86 82 90 92 82 74 88 78 84 86 80 92 78 82 0 82 88 72 84
 56 68 66 64 56 64 72 60 60 56 66 70 68 56 68 62 70 66 74 70 56 60 60 56 62 66 58 74 54 68 62 72 68 64 72 74 64 56 70 60 66 68 62 74 60 64 70 0 70 54 66
 74 86 84 82 74 82 90 78 78 74 84 88 86 74 86 80 88 84 92 88 74 78 78 74 80 84 76 92 72 86 80 90 86 82 90 92 82 74 88 78 84 86 80 92 78 82 88 82 0 72 84
 26 38 36 34 26 34 42 30 30 26 36 40 38 26 38 32 40 36 44 40 26 30 30 26 32 36 28 44 24 38 32 42 38 34 42 44 34 26 40 30 36 38 32 44 30 34 40 34 40 0 36
 62 74 72 70 62 70 78 66 66 62 72 76 74 62 74 68 76 72 80 76 62 66 66 62 68 72 64 80 60 74 68 78 74 70 78 80 70 62 76 66 72 74 68 80 66 70 76 70 76 60 0

 0 76 82 86 92 84 90 84 80 74 92 92 72 86 86 76 80 76 80 80 82 86 76 76 78 90 78 72 94 82 86 76 90 76 90 74 88 92 84 74 80 74 90 88 84 90 80 82 74 88 78
 52 0 46 50 56 48 54 48 44 38 56 56 36 50 50 40 44 40 44 44 46 50 40 40 42 54 42 36 58 46 50 40 54 40 54 38 52 56 48 38 44 38 54 52 48 54 44 46 38 52 42
 70 58 0 68 74 66 72 66 62 56 74 74 54 68 68 58 62 58 62 62 64 68 58 58 60 72 60 54 76 64 68 58 72 58 72 56 70 74 66 56 62 56 72 70 66 72 62 64 56 70 60
 82 70 76 0 86 78 84 78 74 68 86 86 66 80 80 70 74 70 74 74 76 80 70 70 72 84 72 66 88 76 80 70 84 70 84 68 82 86 78 68 74 68 84 82 78 84 74 76 68 82 72
 100 88 94 98 0 96 102 96 92 86 104 104 84 98 98 88 92 88 92 92 94 98 88 88 90 102 90 84 106 94 98 88 102 88 102 86 100 104 96 86 92 86 102 100 96 102 92 94 86 100 90
 76 64 70 74 80 0 78 72 68 62 80 80 60 74 74 64 68 64 68 68 70 74 64 64 66 78 66 60 82 70 74 64 78 64 78 62 76 80 72 62 68 62 78 76 72 78 68 70 62 76 66
 94 82 88 92 98 90 0 90 86 80 98 98 78 92 92 82 86 82 86 86 88 92 82 82 84 96 84 78 100 88 92 82 96 82 96 80 94 98 90 80 86 80 96 94 90 96 86 88 80 94 84
 76 64 70 74 80 72 78 0 68 62 80 80 60 74 74 64 68 64 68 68 70 74 64 64 66 78 66 60 82 70 74 64 78 64 78 62 76 80 72 62 68 62 78 76 72 78 68 70 62 76 66
 64 52 58 62 68 60 66 60 0 50 68 68 48 62 62 52 56 52 56 56 58 62 52 52 54 66 54 48 70 58 62 52 66 52 66 50 64 68 60 50 56 50 66 64 60 66 56 58 50 64 54
 46 34 40 44 50 42 48 42 38 0 50 50 30 44 44 34 38 34 38 38 40 44 34 34 36 48 36 30 52 40 44 34 48 34 48 32 46 50 42 32 38 32 48 46 42 48 38 40 32 46 36
 100 88 94 98 104 96 102 96 92 86 0 104 84 98 98 88 92 88 92 92 94 98 88 88 90 102 90 84 106 94 98 88 102 88 102 86 100 104 96 86 92 86 102 100 96 102 92 94 86 100 90
 100 88 94 98 104 96 102 96 92 86 104 0 84 98 98 88 92 88 92 92 94 98 88 88 90 102 90 84 106 94 98 88 102 88 102 86 100 104 96 86 92 86 102 100 96 102 92 94 86 100 90
 40 28 34 38 44 36 42 36 32 26 44 44 0 38 38 28 32 28 32 32 34 38 28 28 30 42 30 24 46 34 38 28 42 28 42 26 40 44 36 26 32 26 42 40 36 42 32 34 26 40 30
 82 70 76 80 86 78 84 78 74 68 86 86 66 0 80 70 74 70 74 74 76 80 70 70 72 84 72 66 88 76 80 70 84 70 84 68 82 86 78 68 74 68 84 82 78 84 74 76 68 82 72
 82 70 76 80 86 78 84 78 74 68 86 86 66 80 0 70 74 70 74 74 76 80 70 70 72 84 72 66 88 76 80 70 84 70 84 68 82 86 78 68 74 68 84 82 78 84 74 76 68 82 72
 52 40 46 50 56 48 54 48 44 38 56 56 36 50 50 0 44 40 44 44 46 50 40 40 42 54 42 36 58 46 50 40 54 40 54 38 52 56 48 38 44 38 54 52 48 54 44 46 38 52 42
 64 52 58 62 68 60 66 60 56 50 68 68 48 62 62 52 0 52 56 56 58 62 52 52 54 66 54 48 70 58 62 52 66 52 66 50 64 68 60 50 56 50 66 64 60 66 56 58 50 64 54
 52 40 46 50 56 48 54 48 44 38 56 56 36 50 50 40 44 0 44 44 46 50 40 40 42 54 42 36 58 46 50 40 54 40 54 38 52 56 48 38 44 38 54 52 48 54 44 46 38 52 42
 64 52 58 62 68 60 66 60 56 50 68 68 48 62 62 52 56 52 0 56 58 62 52 52 54 66 54 48 70 58 62 52 66 52 66 50 64 68 60 50 56 50 66 64 60 66 56 58 50 64 54
 64 52 58 62 68 60 66 60 56 50 68 68 48 62 62 52 56 52 56 0 58 62 52 52 54 66 54 48 70 58 62 52 66 52 66 50 64 68 60 50 56 50 66 64 60 66 56 58 50 64 54
 70 58 64 68 74 66 72 66 62 56 74 74 54 68 68 58 62 58 62 62 0 68 58 58 60 72 60 54 76 64 68 58 72 58 72 56 70 74 66 56 62 56 72 70 66 72 62 64 56 70 60
 82 70 76 80 86 78 84 78 74 68 86 86 66 80 80 70 74 70 74 74 76 0 70 70 72 84 72 66 88 76 80 70 84 70 84 68 82 86 78 68 74 68 84 82 78 84 74 76 68 82 72
 52 40 46 50 56 48 54 48 44 38 56 56 36 50 50 40 44 40 44 44 46 50 0 40 42 54 42 36 58 46 50 40 54 40 54 38 52 56 48 38 44 38 54 52 48 54 44 46 38 52 42
 52 40 46 50 56 48 54 48 44 38 56 56 36 50 50 40 44 40 44 44 46 50 40 0 42 54 42 36 58 46 50 40 54 40 54 38 52 56 48 38 44 38 54 52 48 54 44 46 38 52 42
 58 46 52 56 62 54 60 54 50 44 62 62 42 56 56 46 50 46 50 50 52 56 46 46 0 60 48 42 64 52 56 46 60 46 60 44 58 62 54 44 50 44 60 58 54 60 50 52 44 58 48
 94 82 88 92 98 90 96 90 86 80 98 98 78 92 92 82 86 82 86 86 88 92 82 82 84 0 84 78 100 88 92 82 96 82 96 80 94 98 90 80 86 80 96 94 90 96 86 88 80 94 84
 58 46 52 56 62 54 60 54 50 44 62 62 42 56 56 46 50 46 50 50 52 56 46 46 48 60 0 42 64 52 56 46 60 46 60 44 58 62 54 44 50 44 60 58 54 60 50 52 44 58 48
 40 28 34 38 44 36 42 36 32 26 44 44 24 38 38 28 32 28 32 32 34 38 28 28 30 42 30 0 46 34 38 28 42 28 42 26 40 44 36 26 32 26 42 40 36 42 32 34 26 40 30
 106 94 100 104 110 102 108 102 98 92 110 110 90 104 104 94 98 94 98 98 100 104 94 94 96 108 96 90 0 100 104 94 108 94 108 92 106 110 102 92 98 92 108 106 102 108 98 100 92 106 96
 70 58 64 68 74 66 72 66 62 56 74 74 54 68 68 58 62 58 62 62 64 68 58 58 60 72 60 54 76 0 68 58 72 58 72 56 70 74 66 56 62 56 72 70 66 72 62 64 56 70 60
 82 70 76 80 86 78 84 78 74 68 86 86 66 80 80 70 74 70 74 74 76 80 70 70 72 84 72 66 88 76 0 70 84 70 84 68 82 86 78 68 74 68 84 82 78 84 74 76 68 82 72
 52 40 46 50 56 48 54 48 44 38 56 56 36 50 50 40 44 40 44 44 46 50 40 40 42 54 42 36 58 46 50 0 54 40 54 38 52 56 48 38 44 38 54 52 48 54 44 46 38 52 42
 94 82 88 92 98 90 96 90 86 80 98 98 78 92 92 82 86 82 86 86 88 92 82 82 84 96 84 78 100 88 92 82 0 82 96 80 94 98 90 80 86 80 96 94 90 96 86 88 80 94 84
 52 40 46 50 56 48 54 48 44 38 56 56 36 50 50 40 44 40 44 44 46 50 40 40 42 54 42 36 58 46 50 40 54 0 54 38 52 56 48 38 44 38 54 52 48 54 44 46 38 52 42
 94 82 88 92 98 90 96 90 86 80 98 98 78 92 92 82 86 82 86 86 88 92 82 82 84 96 84 78 100 88 92 82 96 82 0 80 94 98 90 80 86 80 96 94 90 96 86 88 80 94 84
 46 34 40 44 50 42 48 42 38 32 50 50 30 44 44 34 38 34 38 38 40 44 34 34 36 48 36 30 52 40 44 34 48 34 48 0 46 50 42 32 38 32 48 46 42 48 38 40 32 46 36
 88 76 82 86 92 84 90 84 80 74 92 92 72 86 86 76 80 76 80 80 82 86 76 76 78 90 78 72 94 82 86 76 90 76 90 74 0 92 84 74 80 74 90 88 84 90 80 82 74 88 78
 100 88 94 98 104 96 102 96 92 86 104 104 84 98 98 88 92 88 92 92 94 98 88 88 90 102 90 84 106 94 98 88 102 88 102 86 100 0 96 86 92 86 102 100 96 102 92 94 86 100 90
 76 64 70 74 80 72 78 72 68 62 80 80 60 74 74 64 68 64 68 68 70 74 64 64 66 78 66 60 82 70 74 64 78 64 78 62 76 80 0 62 68 62 78 76 72 78 68 70 62 76 66
 46 34 40 44 50 42 48 42 38 32 50 50 30 44 44 34 38 34 38 38 40 44 34 34 36 48 36 30 52 40 44 34 48 34 48 32 46 50 42 0 38 32 48 46 42 48 38 40 32 46 36
 64 52 58 62 68 60 66 60 56 50 68 68 48 62 62 52 56 52 56 56 58 62 52 52 54 66 54 48 70 58 62 52 66 52 66 50 64 68 60 50 0 50 66 64 60 66 56 58 50 64 54
 46 34 40 44 50 42 48 42 38 32 50 50 30 44 44 34 38 34 38 38 40 44 34 34 36 48 36 30 52 40 44 34 48 34 48 32 46 50 42 32 38 0 48 46 42 48 38 40 32 46 36
 94 82 88 92 98 90 96 90 86 80 98 98 78 92 92 82 86 82 86 86 88 92 82 82 84 96 84 78 100 88 92 82 96 82 96 80 94 98 90 80 86 80 0 94 90 96 86 88 80 94 84
 88 76 82 86 92 84 90 84 80 74 92 92 72 86 86 76 80 76 80 80 82 86 76 76 78 90 78 72 94 82 86 76 90 76 90 74 88 92 84 74 80 74 90 0 84 90 80 82 74 88 78
 76 64 70 74 80 72 78 72 68 62 80 80 60 74 74 64 68 64 68 68 70 74 64 64 66 78 66 60 82 70 74 64 78 64 78 62 76 80 72 62 68 62 78 76 0 78 68 70 62 76 66
 94 82 88 92 98 90 96 90 86 80 98 98 78 92 92 82 86 82 86 86 88 92 82 82 84 96 84 78 100 88 92 82 96 82 96 80 94 98 90 80 86 80 96 94 90 0 86 88 80 94 84
 64 52 58 62 68 60 66 60 56 50 68 68 48 62 62 52 56 52 56 56 58 62 52 52 54 66 54 48 70 58 62 52 66 52 66 50 64 68 60 50 56 50 66 64 60 66 0 58 50 64 54
 70 58 64 68 74 66 72 66 62 56 74 74 54 68 68 58 62 58 62 62 64 68 58 58 60 72 60 54 76 64 68 58 72 58 72 56 70 74 66 56 62 56 72 70 66 72 62 0 56 70 60
 46 34 40 44 50 42 48 42 38 32 50 50 30 44 44 34 38 34 38 38 40 44 34 34 36 48 36 30 52 40 44 34 48 34 48 32 46 50 42 32 38 32 48 46 42 48 38 40 0 46 36
 88 76 82 86 92 84 90 84 80 74 92 92 72 86 86 76 80 76 80 80 82 86 76 76 78 90 78 72 94 82 86 76 90 76 90 74 88 92 84 74 80 74 90 88 84 90 80 82 74 0 78
 58 46 52 56 62 54 60 54 50 44 62 62 42 56 56 46 50 46 50 50 52 56 46 46 48 60 48 42 64 52 56 46 60 46 60 44 58 62 54 44 50 44 60 58 54 60 50 52 44 58 0

 0 64 66 60 66 74 74 74 56 66 56 74 74 66 76 66 60 56 68 64 62 58 66 72 74 72 64 58 66 74 72 56 58 58 74 64 74 60 62 66 66 68 76 64 64 62 72 58 66 72 60
 64 0 66 60 66 74 74 74 56 66 56 74 74 66 76 66 60 56 68 64 62 58 66 72 74 72 64 58 66 74 72 56 58 58 74 64 74 60 62 66 66 68 76 64 64 62 72 58 66 72 60
 70 70 0 66 72 80 80 80 62 72 62 80 80 72 82 72 66 62 74 70 68 64 72 78 80 78 70 64 72 80 78 62 64 64 80 70 80 66 68 72 72 74 82 70 70 68 78 64 72 78 66
 52 52 54 0 54 62 62 62 44 54 44 62 62 54 64 54 48 44 56 52 50 46 54 60 62 60 52 46 54 62 60 44 46 46 62 52 62 48 50 54 54 56 64 52 52 50 60 46 54 60 48
 70 70 72 66 0 80 80 80 62 72 62 80 80 72 82 72 66 62 74 70 68 64 72 78 80 78 70 64 72 80 78 62 64 64 80 70 80 66 68 72 72 74 82 70 70 68 78 64 72 78 66
 94 94 96 90 96 0 104 104 86 96 86 104 104 96 106 96 90 86 98 94 92 88 96 102 104 102 94 88 96 104 102 86 88 88 104 94 104 90 92 96 96 98 106 94 94 92 102 88 96 102 90
 94 94 96 90 96 104 0 104 86 96 86 104 104 96 106 96 90 86 98 94 92 88 96 102 104 102 94 88 96 104 102 86 88 88 104 94 104 90 92 96 96 98 106 94 94 92 102 88 96 102 90
 94 94 96 90 96 104 104 0 86 96 86 104 104 96 106 96 90 86 98 94 92 88 96 102 104 102 94 88 96 104 102 86 88 88 104 94 104 90 92 96 96 98 106 94 94 92 102 88 96 102 90
 40 40 42 36 42 50 50 50 0 42 32 50 50 42 52 42 36 32 44 40 38 34 42 48 50 48 40 34 42 50 48 32 34 34 50 40 50 36 38 42 42 44 52 40 40 38 48 34 42 48 36
 70 70 72 66 72 80 80 80 62 0 62 80 80 72 82 72 66 62 74 70 68 64 72 78 80 78 70 64 72 80 78 62 64 64 80 70 80 66 68 72 72 74 82 70 70 68 78 64 72 78 66
 40 40 42 36 42 50 50 50 32 42 0 50 50 42 52 42 36 32 44 40 38 34 42 48 50 48 40 34 42 50 48 32 34 34 50 40 50 36 38 42 42 44 52 40 40 38 48 34 42 48 36
 94 94 96 90 96 104 104 104 86 96 86 0 104 96 106 96 90 86 98 94 92 88 96 102 104 102 94 88 96 104 102 86 88 88 104 94 104 90 92 96 96 98 106 94 94 92 102 88 96 102 90
 94 94 96 90 96 104 104 104 86 96 86 104 0 96 106 96 90 86 98 94 92 88 96 102 104 102 94 88 96 104 102 86 88 88 104 94 104 90 92 96 96 98 106 94 94 92 102 88 96 102 90
 70 70 72 66 72 80 80 80 62 72 62 80 80 0 82 72 66 62 74 70 68 64 72 78 80 78 70 64 72 80 78 62 64 64 80 70 80 66 68 72 72 74 82 70 70 68 78 64 72 78 66
 100 100 102 96 102 110 110 110 92 102 92 110 110 102 0 102 96 92 104 100 98 94 102 108 110 108 100 94 102 110 108 92 94 94 110 100 110 96 98 102 102 104 112 100 100 98 108 94 102 108 96
 70 70 72 66 72 80 80 80 62 72 62 80 80 72 82 0 66 62 74 70 68 64 72 78 80 78 70 64 72 80 78 62 64 64 80 70 80 66 68 72 72 74 82 70 70 68 78 64 72 78 66
 52 52 54 48 54 62 62 62 44 54 44 62 62 54 64 54 0 44 56 52 50 46 54 60 62 60 52 46 54 62 60 44 46 46 62 52 62 48 50 54 54 56 64 52 52 50 60 46 54 60 48
 40 40 42 36 42 50 50 50 32 42 32 50 50 42 52 42 36 0 44 40 38 34 42 48 50 48 40 34 42 50 48 32 34 34 50 40 50 36 38 42 42 44 52 40 40 38 48 34 42 48 36
 76 76 78 72 78 86 86 86 68 78 68 86 86 78 88 78 72 68 0 76 74 70 78 84 86 84 76 70 78 86 84 68 70 70 86 76 86 72 74 78 78 80 88 76 76 74 84 70 78 84 72
 64 64 66 60 66 74 74 74 56 66 56 74 74 66 76 66 60 56 68 0 62 58 66 72 74 72 64 58 66 74 72 56 58 58 74 64 74 60 62 66 66 68 76 64 64 62 72 58 66 72 60
 58 58 60 54 60 68 68 68 50 60 50 68 68 60 70 60 54 50 62 58 0 52 60 66 68 66 58 52 60 68 66 50 52 52 68 58 68 54 56 60 60 62 70 58 58 56 66 52 60 66 54
 46 46 48 42 48 56 56 56 38 48 38 56 56 48 58 48 42 38 50 46 44 0 48 54 56 54 46 40 48 56 54 38 40 40 56 46 56 42 44 48 48 50 58 46 46 44 54 40 48 54 42
 70 70 72 66 72 80 80 80 62 72 62 80 80 72 82 72 66 62 74 70 68 64 0 78 80 78 70 64 72 80 78 62 64 64 80 70 80 66 68 72 72 74 82 70 70 68 78 64 72 78 66
 88 88 90 84 90 98 98 98 80 90 80 98 98 90 100 90 84 80 92 88 86 82 90 0 98 96 88 82 90 98 96 80 82 82 98 88 98 84 86 90 90 92 100 88 88 86 96 82 90 96 84
 94 94 96 90 96 104 104 104 86 96 86 104 104 96 106 96 90 86 98 94 92 88 96 102 0 102 94 88 96 104 102 86 88 88 104 94 104 90 92 96 96 98 106 94 94 92 102 88 96 102 90
 88 88 90 84 90 98 98 98 80 90 80 98 98 90 100 90 84 80 92 88 86 82 90 96 98 0 88 82 90 98 96 80 82 82 98 88 98 84 86 90 90 92 100 88 88 86 96 82 90 96 84
 64 64 66 60 66 74 74 74 56 66 56 74 74 66 76 66 60 56 68 64 62 58 66 72 74 72 0 58 66 74 72 56 58 58 74 64 74 60 62 66 66 68 76 64 64 62 72 58 66 72 60
 46 46 48 42 48 56 56 56 38 48 38 56 56 48 58 48 42 38 50 46 44 40 48 54 56 54 46 0 48 56 54 38 40 40 56 46 56 42 44 48 48 50 58 46 46 44 54 40 48 54 42
 70 70 72 66 72 80 80 80 62 72 62 80 80 72 82 72 66 62 74 70 68 64 72 78 80 78 70 64 0 80 78 62 64 64 80 70 80 66 68 72 72 74 82 70 70 68 78 64 72 78 66
 94 94 96 90 96 104 104 104 86 96 86 104 104 96 106 96 90 86 98 94 92 88 96 102 104 102 94 88 96 0 102 86 88 88 104 94 104 90 92 96 96 98 106 94 94 92 102 88 96 102 90
 88 88 90 84 90 98 98 98 80 90 80 98 98 90 100 90 84 80 92 88 86 82 90 96 98 96 88 82 90 98 0 80 82 82 98 88 98 84 86 90 90 92 100 88 88 86 96 82 90 96 84
 40 40 42 36 42 50 50 50 32 42 32 50 50 42 52 42 36 32 44 40 38 34 42 48 50 48 40 34 42 50 48 0 34 34 50 40 50 36 38 42 42 44 52 40 40 38 48 34 42 48 36
 46 46 48 42 48 56 56 56 38 48 38 56 56 48 58 48 42 38 50 46 44 40 48 54 56 54 46 40 48 56 54 38 0 40 56 46 56 42 44 48 48 50 58 46 46 44 54 40 48 54 42
 46 46 48 42 48 56 56 56 38 48 38 56 56 48 58 48 42 38 50 46 44 40 48 54 56 54 46 40 48 56 54 38 40 0 56 46 56 42 44 48 48 50 58 46 46 44 54 40 48 54 42
 94 94 96 90 96 104 104 104 86 96 86 104 104 96 106 96 90 86 98 94 92 88 96 102 104 102 94 88 96 104 102 86 88 88 0 94 104 90 92 96 96 98 106 94 94 92 102 88 96 102 90
 64 64 66 60 66 74 74 74 56 66 56 74 74 66 76 66 60 56 68 64 62 58 66 72 74 72 64 58 66 74 72 56 58 58 74 0 74 60 62 66 66 68 76 64 64 62 72 58 66 72 60
 94 94 96 90 96 104 104 104 86 96 86 104 104 96 106 96 90 86 98 94 92 88 96 102 104 102 94 88 96 104 102 86 88 88 104 94 0 90 92 96 96 98 106 94 94 92 102 88 96 102 90
 52 52 54 48 54 62 62 62 44 54 44 62 62 54 64 54 48 44 56 52 50 46 54 60 62 60 52 46 54 62 60 44 46 46 62 52 62 0 50 54 54 56 64 52 52 50 60 46 54 60 48
 58 58 60 54 60 68 68 68 50 60 50 68 68 60 70 60 54 50 62 58 56 52 60 66 68 66 58 52 60 68 66 50 52 52 68 58 68 54 0 60 60 62 70 58 58 56 66 52 60 66 54
 70 70 72 66 72 80 80 80 62 72 62 80 80 72 82 72 66 62 74 70 68 64 72 78 80 78 70 64 72 80 78 62 64 64 80 70 80 66 68 0 72 74 82 70 70 68 78 64 72 78 66
 70 70 72 66 72 80 80 80 62 72 62 80 80 72 82 72 66 62 74 70 68 64 72 78 80 78 70 64 72 80 78 62 64 64 80 70 80 66 68 72 0 74 82 70 70 68 78 64 72 78 66
 76 76 78 72 78 86 86 86 68 78 68 86 86 78 88 78 72 68 80 76 74 70 78 84 86 84 76 70 78 86 84 68 70 70 86 76 86 72 74 78 78 0 88 76 76 74 84 70 78 84 72
 100 100 102 96 102 110 110 110 92 102 92 110 110 102 112 102 96 92 104 100 98 94 102 108 110 108 100 94 102 110 108 92 94 94 110 100 110 96 98 102 102 104 0 100 100 98 108 94 102 108 96
 64 64 66 60 66 74 74 74 56 66 56 74 74 66 76 66 60 56 68 64 62 58 66 72 74 72 64 58 66 74 72 56 58 58 74 64 74 60 62 66 66 68 76 0 64 62 72 58 66 72 60
 64 64 66 60 66 74 74 74 56 66 56 74 74 66 76 66 60 56 68 64 62 58 66 72 74 72 64 58 66 74 72 56 58 58 74 64 74 60 62 66 66 68 76 64 0 62 72 58 66 72 60
 58 58 60 54 60 68 68 68 50 60 50 68 68 60 70 60 54 50 62 58 56 52 60 66 68 66 58 52 60 68 66 50 52 52 68 58 68 54 56 60 60 62 70 58 58 0 66 52 60 66 54
 88 88 90 84 90 98 98 98 80 90 80 98 98 90 100 90 84 80 92 88 86 82 90 96 98 96 88 82 90 98 96 80 82 82 98 88 98 84 86 90 90 92 100 88 88 86 0 82 90 96 84
 46 46 48 42 48 56 56 56 38 48 38 56 56 48 58 48 42 38 50 46 44 40 48 54 56 54 46 40 48 56 54 38 40 40 56 46 56 42 44 48 48 50 58 46 46 44 54 0 48 54 42
 70 70 72 66 72 80 80 80 62 72 62 80 80 72 82 72 66 62 74 70 68 64 72 78 80 78 70 64 72 80 78 62 64 64 80 70 80 66 68 72 72 74 82 70 70 68 78 64 0 78 66
 88 88 90 84 90 98 98 98 80 90 80 98 98 90 100 90 84 80 92 88 86 82 90 96 98 96 88 82 90 98 96 80 82 82 98 88 98 84 86 90 90 92 100 88 88 86 96 82 90 0 84
 52 52 54 48 54 62 62 62 44 54 44 62 62 54 64 54 48 44 56 52 50 46 54 60 62 60 52 46 54 62 60 44 46 46 62 52 62 48 50 54 54 56 64 52 52 50 60 46 54 60 0