51 3

 0 295 41 62 44 125 86 31 65 61 35 50 67 52 70 59 69 44 68 52 55 29 51 64 270 32 23 44 51 67 44 22 66 45 42 63 44 48 75 89 79 78 72 67 69 27 64 42 52 38 47
 295 0 204 235 210 304 265 209 224 222 200 221 243 230 236 216 240 219 240 211 210 199 230 243 447 210 201 213 206 225 217 194 230 202 201 223 212 211 234 261 252 249 251 235 234 200 237 221 214 194 222
 41 204 0 73 51 137 92 34 65 63 41 61 80 64 77 57 80 56 80 32 46 27 59 73 281 32 35 30 40 65 35 31 71 40 18 37 53 52 74 100 91 89 78 76 75 39 75 51 55 34 59
 62 235 73 0 41 129 100 56 72 57 48 41 40 42 51 75 45 23 36 79 72 59 60 62 253 55 38 74 72 72 72 41 53 55 69 91 25 55 71 57 47 49 77 43 50 30 47 58 53 50 50
 44 210 51 41 0 127 97 46 46 34 27 32 54 49 41 50 46 33 47 57 47 42 59 66 263 47 28 58 48 46 59 25 37 29 47 70 18 30 49 68 60 54 79 41 40 19 49 52 27 24 41
 125 304 137 129 127 0 131 89 126 117 95 99 104 87 119 123 114 82 108 120 121 96 92 99 304 86 75 108 118 128 105 84 119 108 110 130 92 107 132 128 117 122 112 114 119 78 107 89 110 101 96
 86 265 92 100 97 131 0 55 108 102 77 85 86 68 105 103 101 68 94 93 99 68 57 70 284 46 55 75 94 110 68 64 105 89 81 99 78 90 116 112 102 108 71 100 105 63 94 62 93 81 81
 31 209 34 56 46 89 55 0 67 63 37 51 62 44 71 61 69 40 66 49 56 25 36 51 261 12 20 32 51 70 27 24 69 47 37 55 45 51 77 85 75 77 55 68 70 28 62 30 55 40 47
 65 224 65 72 46 126 108 67 0 44 40 56 78 72 62 54 70 57 71 62 47 53 78 87 287 62 46 68 51 48 71 40 52 29 51 74 41 42 56 92 84 77 99 63 58 39 73 69 37 24 62
 61 222 63 57 34 117 102 63 44 0 40 48 68 66 45 57 59 49 57 65 48 55 76 84 280 62 45 70 53 40 73 40 32 26 54 77 29 41 38 77 72 61 96 47 39 36 65 68 29 26 58
 35 200 41 48 27 95 77 37 40 40 0 37 59 49 52 44 55 36 56 47 42 31 53 63 265 37 21 47 40 49 48 15 48 28 37 60 28 29 56 76 68 64 74 51 51 17 53 45 33 21 39
 50 221 61 41 32 99 85 51 56 48 37 0 50 45 48 61 46 29 47 66 59 47 57 63 259 48 29 63 59 60 62 29 48 43 56 78 22 42 62 67 58 56 77 45 48 19 45 51 41 37 40
 67 243 80 40 54 104 86 62 78 68 59 50 0 39 61 85 56 26 32 88 83 65 58 57 245 57 43 79 82 83 76 50 62 66 78 99 36 66 81 47 39 50 72 51 59 39 57 61 64 61 58
 52 230 64 42 49 87 68 44 72 66 49 45 39 0 64 76 58 22 47 74 74 50 40 40 238 39 28 62 71 78 58 37 65 59 64 84 37 58 81 64 55 62 56 57 63 29 52 43 59 53 47
 70 236 77 51 41 119 105 71 62 45 52 48 61 64 0 71 51 43 47 79 66 64 76 81 274 67 48 80 69 60 81 47 36 46 69 92 22 52 56 66 62 51 96 37 34 38 61 71 43 44 59
 59 216 57 75 50 123 103 61 54 57 44 61 85 76 71 0 74 57 76 54 44 45 74 85 287 55 43 60 44 55 63 35 60 32 44 67 46 44 63 96 88 82 95 69 65 39 74 65 44 24 61
 69 240 80 45 46 114 101 69 70 59 55 46 56 58 51 74 0 35 44 82 72 63 69 73 266 63 44 78 73 70 78 45 51 54 72 94 23 55 68 64 57 52 88 42 48 34 54 66 51 50 55
 44 219 56 23 33 82 68 40 57 49 36 29 26 22 43 57 35 0 32 68 63 45 43 45 237 39 23 59 62 65 57 29 50 48 58 79 21 47 66 51 41 46 60 41 47 19 38 42 46 42 37
 68 240 80 36 47 108 94 66 71 57 56 47 32 47 47 76 44 32 0 87 78 67 67 67 255 63 46 82 80 75 80 50 50 60 78 100 28 61 71 36 33 35 82 40 46 39 56 66 57 56 58
 52 211 32 79 57 120 93 49 62 65 47 66 88 74 79 54 82 68 87 0 44 36 70 83 289 44 42 43 39 65 48 37 72 39 21 43 56 54 74 105 96 93 89 79 77 44 81 61 56 34 65
 55 210 46 72 47 121 99 56 47 48 42 59 83 74 66 44 72 63 78 44 0 44 75 86 289 54 44 56 34 47 60 37 56 21 33 56 47 45 56 97 89 83 96 68 63 41 76 66 42 18 63
 29 199 27 59 42 96 68 25 53 55 31 47 65 50 64 45 63 45 67 36 44 0 49 62 269 25 23 31 41 62 33 20 64 38 28 49 43 45 70 89 79 78 68 66 67 27 64 40 48 31 47
 51 230 59 60 59 92 57 36 78 76 53 57 58 40 76 74 69 43 67 70 75 49 0 42 256 27 29 54 70 84 49 38 77 64 59 78 50 64 90 83 73 79 49 72 77 36 65 37 67 56 54
 64 243 73 62 66 99 70 51 87 84 63 63 57 40 81 85 73 45 67 83 86 62 42 0 252 39 38 67 81 91 61 47 81 72 71 90 53 71 96 80 71 78 51 74 80 42 68 48 73 65 60
 270 447 281 253 263 304 284 261 287 280 265 259 245 238 274 287 266 237 255 289 289 269 256 252 0 186 176 210 217 223 206 184 208 205 211 232 179 204 224 201 192 201 200 198 205 175 195 190 204 199 193
 32 210 32 55 47 86 46 12 62 62 37 48 57 39 67 55 63 39 63 44 54 25 27 39 186 0 22 31 53 73 24 27 72 50 37 55 47 54 80 85 75 79 47 70 73 30 64 30 58 43 49
 23 201 35 38 28 75 55 20 46 45 21 29 43 28 48 43 44 23 46 42 44 23 29 38 176 22 0 39 46 58 37 12 53 37 38 59 28 37 63 69 59 61 55 51 54 11 45 26 40 30 30
 44 213 30 74 58 108 75 32 68 70 47 63 79 62 80 60 78 59 82 43 56 31 54 67 210 31 39 0 51 74 30 34 78 50 31 49 57 59 83 101 91 92 73 80 81 41 77 48 62 43 60
 51 206 40 72 48 118 94 51 51 53 40 59 82 71 69 44 73 62 80 39 34 41 70 81 217 53 46 51 0 54 54 34 61 28 28 51 48 46 63 98 90 85 91 71 67 39 75 61 46 23 61
 67 225 65 72 46 128 110 70 48 40 49 60 83 78 60 55 70 65 75 65 47 62 84 91 223 73 58 74 54 0 74 44 45 22 52 75 41 46 45 91 85 75 103 61 53 43 75 74 37 25 65
 44 217 35 72 59 105 68 27 71 73 48 62 76 58 81 63 78 57 80 48 60 33 49 61 206 24 37 30 54 74 0 35 79 54 36 54 57 60 86 99 89 91 66 80 82 40 75 44 64 47 59
 22 194 31 41 25 84 64 24 40 40 15 29 50 37 47 35 45 29 50 37 37 20 38 47 184 27 12 34 34 44 35 0 49 30 33 54 27 32 58 73 64 62 64 51 52 12 49 34 35 23 33
 66 230 71 53 37 119 105 69 52 32 48 48 62 65 36 60 51 50 50 72 56 64 77 81 208 72 53 78 61 45 79 49 0 36 64 87 26 49 39 68 65 53 99 40 28 40 65 73 38 36 62
 45 202 40 55 29 108 89 47 29 26 28 43 66 59 46 32 54 48 60 39 21 38 64 72 205 50 37 50 28 22 54 30 36 0 33 56 33 34 38 83 76 68 90 53 46 31 65 60 27 8 53
 42 201 18 69 47 110 81 37 51 54 37 56 78 64 69 44 72 58 78 21 33 28 59 71 211 37 38 31 28 52 36 33 64 33 0 26 52 50 68 101 92 89 83 75 72 40 77 55 51 28 61
 63 223 37 91 70 130 99 55 74 77 60 78 99 84 92 67 94 79 100 43 56 49 78 90 232 55 59 49 51 75 54 54 87 56 26 0 69 67 85 117 108 105 95 92 89 56 93 69 68 45 76
 44 212 53 25 18 92 78 45 41 29 28 22 36 37 22 46 23 21 28 56 47 43 50 53 179 47 28 57 48 41 57 27 26 33 52 69 0 35 46 51 44 37 74 24 27 18 40 50 30 29 39
 48 211 52 55 30 107 90 51 42 41 29 42 66 58 52 44 55 47 61 54 45 45 64 71 204 54 37 59 46 46 60 32 49 34 50 67 35 0 54 80 72 66 85 53 50 25 59 56 31 23 47
 75 234 74 71 49 132 116 77 56 38 56 62 81 81 56 63 68 66 71 74 56 70 90 96 224 80 63 83 63 45 86 58 39 38 68 85 46 54 0 86 83 71 109 58 46 49 78 81 42 35 71
 89 261 100 57 68 128 112 85 92 77 76 67 47 64 66 96 64 51 36 105 97 89 83 80 201 85 69 101 98 91 99 73 68 83 101 117 51 80 86 0 47 50 96 56 61 56 73 82 74 73 76
 79 252 91 47 60 117 102 75 84 72 68 58 39 55 62 88 57 41 33 96 89 79 73 71 192 75 59 91 90 85 89 64 65 76 92 108 44 72 83 47 0 48 86 51 57 46 63 71 66 65 65
 78 249 89 49 54 122 108 77 77 61 64 56 50 62 51 82 52 46 35 93 83 78 79 78 201 79 61 92 85 75 91 62 53 68 89 105 37 66 71 50 48 0 95 41 46 46 64 76 59 59 66
 72 251 78 77 79 112 71 55 99 96 74 77 72 56 96 95 88 60 82 89 96 68 49 51 200 47 55 73 91 103 66 64 99 90 83 95 74 85 109 96 86 95 0 88 93 53 81 54 85 74 71
 67 235 76 43 41 114 100 68 63 47 51 45 51 57 37 69 42 41 40 79 68 66 72 74 198 70 51 80 71 61 80 51 40 53 75 92 24 53 58 56 51 41 88 0 35 36 56 68 46 46 57
 69 234 75 50 40 119 105 70 58 39 51 48 59 63 34 65 48 47 46 77 63 67 77 80 205 73 54 81 67 53 82 52 28 46 72 89 27 50 46 61 57 46 93 35 0 39 63 73 42 41 61
 27 200 39 30 19 78 63 28 39 36 17 19 39 29 38 39 34 19 39 44 41 27 36 42 175 30 11 41 39 43 40 12 40 31 40 56 18 25 49 56 46 46 53 36 39 0 37 34 32 25 23
 64 237 75 47 49 107 94 62 73 65 53 45 57 52 61 74 54 38 56 81 76 64 65 68 195 64 45 77 75 75 75 49 65 65 77 93 40 59 78 73 63 64 81 56 63 37 0 58 54 50 48
 42 221 51 58 52 89 62 30 69 68 45 51 61 43 71 65 66 42 66 61 66 40 37 48 190 30 26 48 61 74 44 34 73 60 55 69 50 56 81 82 71 76 54 68 73 34 58 0 59 47 47
 52 214 55 53 27 110 93 55 37 29 33 41 64 59 43 44 51 46 57 56 42 48 67 73 204 58 40 62 46 37 64 35 38 27 51 68 30 31 42 74 66 59 85 46 42 32 54 59 0 21 50
 38 194 34 50 24 101 81 40 24 26 21 37 61 53 44 24 50 42 56 34 18 31 56 65 199 43 30 43 23 25 47 23 36 8 28 45 29 23 35 73 65 59 74 46 41 25 50 47 21 0 47
 47 222 59 50 41 96 81 47 62 58 39 40 58 47 59 61 55 37 58 65 63 47 54 60 193 49 30 60 61 65 59 33 62 53 61 76 39 47 71 76 65 66 71 57 61 23 48 47 50 47 0

 0 34 42 52 59 24 42 38 32 42 25 33 62 44 62 194 60 56 54 44 50 36 31 108 57 145 35 29 42 48 49 25 74 56 53 50 49 28 61 81 55 71 61 55 65 44 53 154 40 36 21
 34 0 41 61 61 39 57 52 27 39 26 40 74 58 64 187 67 67 62 39 41 42 46 123 70 159 49 34 33 42 58 33 74 49 48 46 53 27 56 89 64 78 76 59 66 53 62 169 38 28 32
 42 41 0 73 76 46 58 51 42 54 41 54 85 66 79 202 81 78 76 34 51 44 49 127 78 155 57 25 41 56 50 44 89 61 39 34 68 42 70 102 77 92 77 74 81 66 74 173 53 42 43
 52 61 73 0 59 31 59 66 42 41 41 27 38 37 46 213 39 38 25 74 70 69 43 109 43 171 53 62 66 56 80 47 64 69 83 81 33 38 60 52 26 45 69 34 49 50 39 173 44 51 27
 59 61 76 59 0 46 73 73 33 35 37 35 69 61 53 205 57 65 53 69 62 69 59 130 70 180 60 63 59 47 84 48 65 60 78 77 43 30 55 80 56 67 88 49 56 56 58 184 35 42 35
 24 39 46 31 46 0 29 38 35 40 27 24 41 21 53 200 47 36 36 54 58 45 14 85 33 141 29 35 51 51 52 29 69 61 63 59 39 29 60 62 35 57 43 44 57 37 38 143 40 41 12
 42 57 58 59 73 29 0 42 55 63 47 48 61 40 77 218 72 60 60 65 74 55 17 94 51 139 47 40 65 71 53 47 93 80 72 66 63 50 82 84 58 81 40 68 81 60 63 154 61 59 35
 38 52 51 66 73 38 42 0 49 59 42 49 72 51 78 211 75 67 67 56 66 47 31 110 63 140 47 32 57 66 47 42 92 73 63 57 65 46 78 92 66 85 59 71 81 60 66 157 58 53 36
 32 27 42 42 33 35 55 49 0 13 18 27 61 52 42 177 49 57 45 42 30 48 46 119 62 163 46 41 30 17 64 31 48 28 50 49 34 10 30 72 48 58 76 39 42 44 50 169 13 10 24
 42 39 54 41 35 40 63 59 13 0 27 28 60 55 34 189 47 58 40 54 40 59 53 125 64 172 54 52 41 18 75 40 37 34 62 61 31 18 21 66 45 51 82 32 32 50 51 177 14 21 29
 25 26 41 41 37 27 47 42 18 27 0 24 58 45 48 183 50 52 46 43 41 42 37 111 56 154 37 36 35 34 57 22 60 43 52 51 37 13 46 72 48 61 67 43 51 38 46 161 25 23 17
 33 40 54 27 35 24 48 49 27 28 24 0 44 36 39 195 36 40 32 57 53 53 36 106 45 160 40 47 49 40 66 31 55 53 66 64 26 21 47 58 33 48 65 32 43 35 33 162 28 34 13
 62 74 85 38 69 41 61 72 61 60 58 44 0 38 60 227 54 45 25 87 85 79 45 108 39 177 62 71 80 71 88 60 77 84 96 93 48 53 74 46 22 50 68 46 62 63 53 180 59 66 39
 44 58 66 37 61 21 40 51 52 55 45 36 38 0 61 216 54 39 38 71 74 62 25 89 30 157 45 52 67 64 68 45 78 75 80 76 47 43 72 61 36 60 50 50 64 51 46 160 52 56 26
 62 64 79 46 53 53 77 78 42 34 48 39 60 61 0 210 46 59 37 75 65 75 60 129 65 184 64 69 64 45 90 54 48 61 84 83 31 36 46 62 42 48 89 29 34 59 54 187 35 46 37
 194 187 202 213 205 200 218 211 177 189 183 195 227 216 210 0 165 169 162 146 139 152 154 229 174 268 155 145 135 136 168 138 168 143 155 154 151 124 149 188 164 175 184 157 161 156 163 277 132 122 135
 60 67 81 39 57 47 72 75 49 47 50 36 54 54 46 165 0 51 34 78 71 74 53 121 57 180 60 67 68 55 87 52 63 69 87 85 32 39 58 60 37 49 81 34 48 55 47 182 43 52 33
 56 67 78 38 65 36 60 67 57 58 52 40 45 39 59 169 51 0 36 78 76 70 41 107 42 170 53 62 71 64 80 50 76 77 87 84 44 45 70 61 35 57 67 47 61 54 45 172 52 58 29
 54 62 76 25 53 36 60 67 45 40 46 32 25 38 37 162 34 36 0 80 74 75 48 112 43 177 59 68 72 57 86 54 59 72 90 88 34 42 58 29 10 29 72 29 43 57 46 179 46 55 33
 44 39 34 74 69 54 65 56 42 54 43 57 87 71 75 146 78 78 80 0 44 48 55 132 81 162 59 33 35 51 58 45 85 55 37 35 66 39 65 102 77 91 83 72 78 66 75 178 49 37 44
 50 41 51 70 62 58 74 66 30 40 41 53 85 74 65 139 71 76 74 44 0 58 62 137 83 174 63 48 32 35 72 47 71 39 51 50 59 32 49 96 72 83 92 63 66 65 72 185 37 23 44
 36 42 44 69 69 45 55 47 48 59 42 53 79 62 75 152 74 70 75 48 58 0 43 120 70 152 49 30 46 57 52 37 86 63 53 50 62 39 70 95 69 85 71 68 77 58 67 166 50 43 35
 31 46 49 43 59 14 17 31 46 53 37 36 45 25 60 154 53 41 48 55 62 43 0 83 40 137 38 36 58 62 51 38 82 72 67 62 52 41 73 72 46 69 35 57 70 50 51 146 52 51 25
 108 123 127 109 130 85 94 110 119 125 111 106 108 89 129 229 121 107 112 132 137 120 83 0 79 192 90 92 112 112 106 90 129 123 122 117 98 91 122 112 87 111 80 102 116 99 97 200 101 103 74
 57 70 78 43 70 33 51 63 62 64 56 45 39 30 65 174 57 42 43 81 83 70 40 79 0 167 56 63 76 72 79 55 84 84 90 87 52 52 78 61 36 62 57 54 69 60 52 170 60 65 35
 145 159 155 171 180 141 139 140 163 172 154 160 177 157 184 268 180 170 177 162 174 152 137 192 167 0 120 102 130 140 115 116 166 147 134 128 138 120 152 163 137 158 122 144 155 133 139 228 132 127 109
 35 49 57 53 60 29 47 47 46 54 37 40 62 45 64 155 60 53 59 59 63 49 38 90 56 120 0 42 55 57 60 33 79 66 67 64 51 35 67 79 53 72 62 57 68 46 52 156 46 46 22
 29 34 25 62 63 35 40 32 41 52 36 47 71 52 69 145 67 62 68 33 48 30 36 92 63 102 42 0 42 55 35 37 86 61 42 36 62 39 69 93 67 85 62 68 77 58 66 160 50 41 34
 42 33 41 66 59 51 65 57 30 41 35 49 80 67 64 135 68 71 72 35 32 46 58 112 76 130 55 42 0 39 63 41 73 43 43 42 57 30 53 94 70 82 84 63 67 60 68 177 38 25 39
 48 42 56 56 47 51 71 66 17 18 34 40 71 64 45 136 55 64 57 51 35 57 62 112 72 140 57 55 39 0 77 45 51 31 61 60 44 24 29 81 59 66 90 47 47 58 62 184 23 21 37
 49 58 50 80 84 52 53 47 64 75 57 66 88 68 90 168 87 80 86 58 72 52 51 106 79 115 60 35 63 77 0 51 100 78 60 54 75 53 85 104 78 97 68 81 91 70 77 169 65 58 46
 25 33 44 47 48 29 47 42 31 40 22 31 60 45 54 138 52 50 54 45 47 37 38 90 55 116 33 37 41 45 51 0 69 53 56 53 44 24 56 77 52 67 65 51 60 41 50 158 35 33 19
 74 74 89 64 65 69 93 92 48 37 60 55 77 78 48 168 63 76 59 85 71 86 82 129 84 166 79 86 73 51 100 69 0 62 90 89 46 44 40 75 56 61 103 43 39 72 69 200 41 49 51
 56 49 61 69 60 61 80 73 28 34 43 53 84 75 61 143 69 77 72 55 39 63 72 123 84 147 66 61 43 31 78 53 62 0 61 60 55 31 41 92 69 78 96 58 59 65 71 189 32 23 44
 53 48 39 83 78 63 72 63 50 62 52 66 96 80 84 155 87 87 90 37 51 53 67 122 90 134 67 42 43 61 60 56 90 61 0 30 74 47 71 110 85 99 89 80 85 74 83 184 56 43 52
 50 46 34 81 77 59 66 57 49 61 51 64 93 76 83 154 85 84 88 35 50 50 62 117 87 128 64 36 42 60 54 53 89 60 30 0 76 49 73 111 86 100 86 82 87 75 84 183 58 45 52
 49 53 68 33 43 39 63 65 34 31 37 26 48 47 31 151 32 44 34 66 59 62 52 98 52 138 51 62 57 44 75 44 46 55 74 76 0 29 46 57 34 44 77 26 37 49 43 176 32 41 27
 28 27 42 38 30 29 50 46 10 18 13 21 53 43 36 124 39 45 42 39 32 39 41 91 52 120 35 39 30 24 53 24 44 31 47 49 29 0 37 69 45 56 71 38 43 39 45 165 16 18 18
 61 56 70 60 55 60 82 78 30 21 46 47 74 72 46 149 58 70 58 65 49 70 73 122 78 152 67 69 53 29 85 56 40 41 71 73 46 37 0 79 60 65 99 47 43 67 68 194 31 34 46
 81 89 102 52 80 62 84 92 72 66 72 58 46 61 62 188 60 61 29 102 96 95 72 112 61 163 79 93 94 81 104 77 75 92 110 111 57 69 79 0 28 48 90 49 62 78 67 199 67 76 55
 55 64 77 26 56 35 58 66 48 45 48 33 22 36 42 164 37 35 10 77 72 69 46 87 36 137 53 67 70 59 78 52 56 69 85 86 34 45 60 28 0 35 69 33 47 57 46 177 48 57 33
 71 78 92 45 67 57 81 85 58 51 61 48 50 60 48 175 49 57 29 91 83 85 69 111 62 158 72 85 82 66 97 67 61 78 99 100 44 56 65 48 35 0 89 34 47 68 58 193 52 62 45
 61 76 77 69 88 43 40 59 76 82 67 65 68 50 89 184 81 67 72 83 92 71 35 80 57 122 62 62 84 90 68 65 103 96 89 86 77 71 99 90 69 89 0 79 92 73 73 169 76 75 48
 55 59 74 34 49 44 68 71 39 32 43 32 46 50 29 157 34 47 29 72 63 68 57 102 54 144 57 68 63 47 81 51 43 58 80 82 26 38 47 49 33 34 79 0 33 55 47 182 36 46 33
 65 66 81 49 56 57 81 81 42 32 51 43 62 64 34 161 48 61 43 78 66 77 70 116 69 155 68 77 67 47 91 60 39 59 85 87 37 43 43 62 47 47 92 33 0 63 59 192 37 46 42
 44 53 66 50 56 37 60 60 44 50 38 35 63 51 59 156 55 54 57 66 65 58 50 99 60 133 46 58 60 58 70 41 72 65 74 75 49 39 67 78 57 68 73 55 63 0 48 168 42 45 19
 53 62 74 39 58 38 63 66 50 51 46 33 53 46 54 163 47 45 46 75 72 67 51 97 52 139 52 66 68 62 77 50 69 71 83 84 43 45 68 67 46 58 73 47 59 48 0 173 45 51 25
 154 169 173 173 184 143 154 157 169 177 161 162 180 160 187 277 182 172 179 178 185 166 146 200 170 228 156 160 177 184 169 158 200 189 184 183 176 165 194 199 177 193 169 182 192 168 173 0 132 130 106
 40 38 53 44 35 40 61 58 13 14 25 28 59 52 35 132 43 52 46 49 37 50 52 101 60 132 46 50 38 23 65 35 41 32 56 58 32 16 31 67 48 52 76 36 37 42 45 132 0 21 26
 36 28 42 51 42 41 59 53 10 21 23 34 66 56 46 122 52 58 55 37 23 43 51 103 65 127 46 41 25 21 58 33 49 23 43 45 41 18 34 76 57 62 75 46 46 45 51 130 21 0 30
 21 32 43 27 35 12 35 36 24 29 17 13 39 26 37 135 33 29 33 44 44 35 25 74 35 109 22 34 39 37 46 19 51 44 52 52 27 18 46 55 33 45 48 33 42 19 25 106 26 30 0

 0 35 46 58 66 56 58 45 56 66 29 37 62 66 76 59 56 187 87 80 56 33 55 56 57 40 26 49 52 56 53 47 77 58 44 68 51 125 61 88 70 61 63 55 62 41 56 54 177 41 39
 35 0 30 52 53 56 58 44 36 48 15 29 59 65 63 37 48 183 80 60 32 24 55 56 55 39 25 39 28 35 47 40 62 36 24 49 40 109 41 81 64 53 63 44 48 35 50 54 160 18 35
 46 30 0 67 71 66 62 46 54 66 33 46 73 76 81 55 65 197 97 58 45 29 61 63 66 38 36 33 39 52 42 54 80 51 18 40 58 127 58 97 80 70 67 62 66 51 65 61 178 35 49
 58 52 67 0 55 52 64 62 55 54 34 20 27 48 49 67 24 158 47 99 65 55 56 46 32 55 33 71 65 53 73 58 56 60 63 88 24 124 49 48 30 24 60 23 35 36 31 62 170 45 34
 66 53 71 55 0 67 78 69 46 48 30 28 58 72 56 59 42 185 75 94 57 55 72 67 59 64 40 72 58 44 77 59 57 51 58 84 34 116 44 76 60 46 79 38 42 42 50 73 161 36 42
 56 56 66 52 67 0 52 52 66 71 38 35 48 50 74 72 50 174 76 97 71 49 45 40 40 43 27 62 68 66 63 58 79 70 61 84 48 133 67 76 57 54 52 51 61 41 48 50 184 53 37
 58 58 62 64 78 52 0 45 75 83 47 48 57 58 87 79 64 187 89 97 76 48 37 38 47 30 34 56 71 75 53 65 92 78 59 80 61 143 78 87 69 67 38 64 74 53 62 50 194 60 49
 45 44 46 62 69 52 45 0 63 73 36 43 62 63 82 66 61 188 90 82 62 34 45 48 53 25 28 42 57 64 41 54 85 65 44 65 57 133 68 89 71 65 51 61 68 47 59 47 185 48 44
 56 36 54 55 46 66 75 63 0 38 23 32 62 75 57 43 46 189 79 79 37 46 71 68 63 59 38 62 41 26 69 54 52 31 42 68 37 108 31 80 64 49 79 40 40 42 54 70 151 16 43
 66 48 66 54 48 71 83 73 38 0 32 33 61 78 49 55 44 190 74 91 47 57 78 74 65 68 46 73 52 27 80 63 41 37 54 80 34 116 22 74 61 42 85 33 30 48 55 78 152 27 48
 29 15 33 34 30 38 47 36 23 32 0 15 45 54 49 35 33 170 66 66 34 26 48 46 43 36 15 43 32 29 48 31 50 32 30 56 26 97 33 66 50 38 56 30 35 22 36 48 149 15 22
 37 29 46 20 28 35 48 43 32 33 15 0 31 45 40 47 19 158 52 80 46 37 47 41 32 42 18 54 46 35 57 40 45 42 44 69 15 105 34 52 35 25 54 19 27 19 23 49 152 26 18
 62 59 73 27 58 48 57 62 62 61 45 31 0 45 59 77 35 161 43 108 76 61 54 41 24 57 38 76 75 64 77 67 65 71 72 96 35 135 59 38 22 25 55 31 44 45 41 65 181 56 42
 66 65 76 48 72 50 58 63 75 78 54 45 45 0 75 81 50 170 71 107 80 59 49 37 30 52 36 72 77 72 72 67 81 77 71 94 49 140 72 68 51 50 52 50 61 48 49 60 189 61 44
 76 63 81 49 56 74 87 82 57 49 49 40 59 75 0 70 37 185 65 106 66 67 79 72 60 74 50 84 69 48 89 71 46 58 70 96 28 128 41 64 52 33 86 24 26 51 52 82 167 46 50
 59 37 55 67 59 72 79 66 43 55 35 47 77 81 70 0 56 195 90 77 40 44 73 72 69 58 41 60 40 39 67 55 66 40 41 67 48 116 44 90 74 60 81 52 53 48 61 72 164 22 48
 56 48 65 24 42 50 64 61 46 44 33 19 35 50 37 56 0 164 49 96 59 53 59 51 39 57 33 69 60 45 73 56 48 53 60 85 16 118 40 49 34 21 65 16 27 34 32 64 162 39 33
 187 183 197 158 185 174 187 188 189 190 170 158 161 170 185 195 164 0 142 187 155 140 138 128 115 138 117 155 154 145 157 145 152 152 151 175 119 215 143 141 123 120 142 120 131 124 121 145 262 136 120
 87 80 97 47 75 76 89 90 79 74 66 52 43 71 65 90 49 142 0 123 87 79 79 67 50 79 57 95 89 72 97 83 69 81 88 113 43 146 65 43 32 26 81 36 47 61 56 86 190 67 58
 80 60 58 99 94 97 97 82 79 91 66 80 108 107 106 77 96 187 123 0 59 54 88 89 90 66 59 62 54 68 71 76 97 66 37 62 77 145 74 118 101 90 94 81 84 72 87 87 195 51 71
 56 32 45 65 57 71 76 62 37 47 34 46 76 80 66 40 59 155 87 59 0 44 75 74 72 58 43 57 31 32 65 58 63 30 31 57 50 118 38 92 76 62 83 52 52 51 64 74 163 17 51
 33 24 29 55 55 49 48 34 46 57 26 37 61 59 67 44 53 140 79 54 44 0 50 51 53 30 23 33 39 48 39 42 72 48 27 51 47 119 53 85 67 58 56 51 57 38 53 49 170 31 36
 55 55 61 56 72 45 37 45 71 78 48 47 54 49 79 73 59 138 79 88 75 50 0 32 41 33 30 57 69 71 56 61 86 75 59 81 55 139 74 80 62 60 38 58 68 48 55 47 190 57 44
 56 56 63 46 67 40 38 48 68 74 46 41 41 37 72 72 51 128 67 89 74 51 32 0 29 37 31 62 72 70 60 62 82 75 63 85 50 138 72 69 52 51 32 52 63 46 50 50 188 58 42
 57 55 66 32 59 40 47 53 63 65 43 32 24 30 60 69 39 115 50 90 72 53 41 29 0 47 32 68 71 65 68 62 72 71 66 90 39 134 63 53 36 37 44 39 51 42 40 55 182 55 38
 40 39 38 55 64 43 30 25 59 68 36 42 57 52 74 58 57 138 79 66 58 30 33 37 47 0 26 37 55 63 34 53 84 64 40 61 55 132 67 85 67 63 39 59 67 45 57 43 184 47 42
 26 25 36 33 40 27 34 28 38 46 15 18 38 36 50 41 33 117 57 59 43 23 30 31 32 26 0 41 44 44 43 34 61 47 37 61 32 111 46 65 47 41 43 36 44 22 34 35 162 30 19
 49 39 33 71 72 62 56 42 62 73 43 54 76 72 84 60 69 155 95 62 57 33 57 62 68 37 41 0 50 61 37 57 87 61 31 52 62 134 67 98 80 73 62 66 72 53 67 58 185 44 50
 52 28 39 65 58 68 71 57 41 52 32 46 75 77 69 40 60 154 89 54 31 39 69 72 71 55 44 50 0 39 59 55 68 37 26 52 51 119 45 93 77 64 78 55 56 49 63 69 167 22 49
 56 35 52 53 44 66 75 64 26 27 29 35 64 72 48 39 45 145 72 68 32 48 71 70 65 63 44 61 39 0 71 57 44 23 42 68 36 111 19 78 64 46 82 37 34 45 55 74 150 16 45
 53 47 42 73 77 63 53 41 69 80 48 57 77 72 89 67 73 157 97 71 65 39 56 60 68 34 43 37 59 71 0 61 91 68 39 60 65 138 73 99 81 75 58 69 76 55 68 57 190 51 52
 47 40 54 58 59 58 65 54 54 63 31 40 67 67 71 55 56 145 83 76 58 42 61 62 62 53 34 57 55 57 61 0 71 54 46 70 45 120 55 83 66 56 66 50 56 37 52 57 171 37 36
 77 62 80 56 57 79 92 85 52 41 50 45 65 81 46 66 48 152 69 97 63 72 86 82 72 84 61 87 68 44 91 71 0 51 68 94 35 128 27 69 58 38 92 30 23 56 59 87 165 41 56
 58 36 51 60 51 70 78 65 31 37 32 42 71 77 58 40 53 152 81 66 30 48 75 75 71 64 47 61 37 23 68 54 51 0 39 65 44 115 28 86 71 55 85 45 43 49 61 76 156 15 49
 44 24 18 63 58 61 59 44 42 54 30 44 72 71 70 41 60 151 88 37 31 27 59 63 66 40 37 31 26 42 39 46 68 39 0 27 55 123 50 96 79 68 70 59 61 50 65 63 172 27 49
 68 49 40 88 84 84 80 65 68 80 56 69 96 94 96 67 85 175 113 62 57 51 81 85 90 61 61 52 52 68 60 70 94 65 27 0 75 143 70 115 98 87 85 79 81 69 84 80 192 47 67
 51 40 58 24 34 48 61 57 37 34 26 15 35 49 28 48 16 119 43 77 50 47 55 50 39 55 32 62 51 36 65 45 35 44 55 75 0 112 32 50 35 20 65 12 20 32 32 62 155 32 31
 125 109 127 124 116 133 143 133 108 116 97 105 135 140 128 116 118 215 146 145 118 119 139 138 134 132 111 134 119 111 138 120 128 115 123 143 112 0 86 125 109 95 122 87 89 85 97 114 202 72 85
 61 41 58 49 44 67 78 68 31 22 33 34 59 72 41 44 40 143 65 74 38 53 74 72 63 67 46 67 45 19 73 55 27 28 50 70 32 86 0 71 60 40 86 32 25 49 56 79 153 24 49
 88 81 97 48 76 76 87 89 80 74 66 52 38 68 64 90 49 141 43 118 92 85 80 69 53 85 65 98 93 78 99 83 69 86 96 115 50 125 71 0 32 27 81 38 48 64 59 88 193 70 62
 70 64 80 30 60 57 69 71 64 61 50 35 22 51 52 74 34 123 32 101 76 67 62 52 36 67 47 80 77 64 81 66 58 71 79 98 35 109 60 32 0 20 66 28 39 49 44 72 180 57 46
 61 53 70 24 46 54 67 65 49 42 38 25 25 50 33 60 21 120 26 90 62 58 60 51 37 63 41 73 64 46 75 56 38 55 68 87 20 95 40 27 20 0 69 12 22 43 39 71 167 45 41
 63 63 67 60 79 52 38 51 79 85 56 54 55 52 86 81 65 142 81 94 83 56 38 32 44 39 43 62 78 82 58 66 92 85 70 85 65 122 86 81 66 69 0 65 75 56 62 55 199 66 52
 55 44 62 23 38 51 64 61 40 33 30 19 31 50 24 52 16 120 36 81 52 51 58 52 39 59 36 66 55 37 69 50 30 45 59 79 12 87 32 38 28 12 65 0 15 37 35 67 158 36 36
 62 48 66 35 42 61 74 68 40 30 35 27 44 61 26 53 27 131 47 84 52 57 68 63 51 67 44 72 56 34 76 56 23 43 61 81 20 89 25 48 39 22 75 15 0 43 45 75 157 34 43
 41 35 51 36 42 41 53 47 42 48 22 19 45 48 51 48 34 124 61 72 51 38 48 46 42 45 22 53 49 45 55 37 56 49 50 69 32 85 49 64 49 43 56 37 43 0 34 51 162 33 20
 56 50 65 31 50 48 62 59 54 55 36 23 41 49 52 61 32 121 56 87 64 53 55 50 40 57 34 67 63 55 68 52 59 61 65 84 32 97 56 59 44 39 62 35 45 34 0 60 169 43 30
 54 54 61 62 73 50 50 47 70 78 48 49 65 60 82 72 64 145 86 87 74 49 47 50 55 43 35 58 69 74 57 57 87 76 63 80 62 114 79 88 72 71 55 67 75 51 60 0 187 53 42
 177 160 178 170 161 184 194 185 151 152 149 152 181 189 167 164 162 262 190 195 163 170 190 188 182 184 162 185 167 150 190 171 165 156 172 192 155 202 153 193 180 167 199 158 157 162 169 187 0 103 121
 41 18 35 45 36 53 60 48 16 27 15 26 56 61 46 22 39 136 67 51 17 31 57 58 55 47 30 44 22 16 51 37 41 15 27 47 32 72 24 70 57 45 66 36 34 33 43 53 103 0 36
 39 35 49 34 42 37 49 44 43 48 22 18 42 44 50 48 33 120 58 71 51 36 44 42 38 42 19 50 49 45 52 36 56 49 49 67 31 85 49 62 46 41 52 36 43 20 30 42 121 36 0

 0 76 84 88 90 80 86 86 80 90 88 82 74 84 74 84 88 86 92 88 76 74 88 78 82 76 78 86 72 74 92 80 76 80 74 80 82 82 74 82 92 76 86 92 72 74 90 82 86 88 88
 52 0 48 52 54 44 50 50 44 54 52 46 38 48 38 48 52 50 56 52 40 38 52 42 46 40 42 50 36 38 56 44 40 44 38 44 46 46 38 46 56 40 50 56 36 38 54 46 50 52 52
 76 64 0 76 78 68 74 74 68 78 76 70 62 72 62 72 76 74 80 76 64 62 76 66 70 64 66 74 60 62 80 68 64 68 62 68 70 70 62 70 80 64 74 80 60 62 78 70 74 76 76
 88 76 84 0 90 80 86 86 80 90 88 82 74 84 74 84 88 86 92 88 76 74 88 78 82 76 78 86 72 74 92 80 76 80 74 80 82 82 74 82 92 76 86 92 72 74 90 82 86 88 88
 94 82 90 94 0 86 92 92 86 96 94 88 80 90 80 90 94 92 98 94 82 80 94 84 88 82 84 92 78 80 98 86 82 86 80 86 88 88 80 88 98 82 92 98 78 80 96 88 92 94 94
 64 52 60 64 66 0 62 62 56 66 64 58 50 60 50 60 64 62 68 64 52 50 64 54 58 52 54 62 48 50 68 56 52 56 50 56 58 58 50 58 68 52 62 68 48 50 66 58 62 64 64
 82 70 78 82 84 74 0 80 74 84 82 76 68 78 68 78 82 80 86 82 70 68 82 72 76 70 72 80 66 68 86 74 70 74 68 74 76 76 68 76 86 70 80 86 66 68 84 76 80 82 82
 82 70 78 82 84 74 80 0 74 84 82 76 68 78 68 78 82 80 86 82 70 68 82 72 76 70 72 80 66 68 86 74 70 74 68 74 76 76 68 76 86 70 80 86 66 68 84 76 80 82 82
 64 52 60 64 66 56 62 62 0 66 64 58 50 60 50 60 64 62 68 64 52 50 64 54 58 52 54 62 48 50 68 56 52 56 50 56 58 58 50 58 68 52 62 68 48 50 66 58 62 64 64
 94 82 90 94 96 86 92 92 86 0 94 88 80 90 80 90 94 92 98 94 82 80 94 84 88 82 84 92 78 80 98 86 82 86 80 86 88 88 80 88 98 82 92 98 78 80 96 88 92 94 94
 88 76 84 88 90 80 86 86 80 90 0 82 74 84 74 84 88 86 92 88 76 74 88 78 82 76 78 86 72 74 92 80 76 80 74 80 82 82 74 82 92 76 86 92 72 74 90 82 86 88 88
 70 58 66 70 72 62 68 68 62 72 70 0 56 66 56 66 70 68 74 70 58 56 70 60 64 58 60 68 54 56 74 62 58 62 56 62 64 64 56 64 74 58 68 74 54 56 72 64 68 70 70
 46 34 42 46 48 38 44 44 38 48 46 40 0 42 32 42 46 44 50 46 34 32 46 36 40 34 36 44 30 32 50 38 34 38 32 38 40 40 32 40 50 34 44 50 30 32 48 40 44 46 46
 76 64 72 76 78 68 74 74 68 78 76 70 62 0 62 72 76 74 80 76 64 62 76 66 70 64 66 74 60 62 80 68 64 68 62 68 70 70 62 70 80 64 74 80 60 62 78 70 74 76 76
 46 34 42 46 48 38 44 44 38 48 46 40 32 42 0 42 46 44 50 46 34 32 46 36 40 34 36 44 30 32 50 38 34 38 32 38 40 40 32 40 50 34 44 50 30 32 48 40 44 46 46
 76 64 72 76 78 68 74 74 68 78 76 70 62 72 62 0 76 74 80 76 64 62 76 66 70 64 66 74 60 62 80 68 64 68 62 68 70 70 62 70 80 64 74 80 60 62 78 70 74 76 76
 88 76 84 88 90 80 86 86 80 90 88 82 74 84 74 84 0 86 92 88 76 74 88 78 82 76 78 86 72 74 92 80 76 80 74 80 82 82 74 82 92 76 86 92 72 74 90 82 86 88 88
 82 70 78 82 84 74 80 80 74 84 82 76 68 78 68 78 82 0 86 82 70 68 82 72 76 70 72 80 66 68 86 74 70 74 68 74 76 76 68 76 86 70 80 86 66 68 84 76 80 82 82
 100 88 96 100 102 92 98 98 92 102 100 94 86 96 86 96 100 98 0 100 88 86 100 90 94 88 90 98 84 86 104 92 88 92 86 92 94 94 86 94 104 88 98 104 84 86 102 94 98 100 100
 88 76 84 88 90 80 86 86 80 90 88 82 74 84 74 84 88 86 92 0 76 74 88 78 82 76 78 86 72 74 92 80 76 80 74 80 82 82 74 82 92 76 86 92 72 74 90 82 86 88 88
 52 40 48 52 54 44 50 50 44 54 52 46 38 48 38 48 52 50 56 52 0 38 52 42 46 40 42 50 36 38 56 44 40 44 38 44 46 46 38 46 56 40 50 56 36 38 54 46 50 52 52
 46 34 42 46 48 38 44 44 38 48 46 40 32 42 32 42 46 44 50 46 34 0 46 36 40 34 36 44 30 32 50 38 34 38 32 38 40 40 32 40 50 34 44 50 30 32 48 40 44 46 46
 88 76 84 88 90 80 86 86 80 90 88 82 74 84 74 84 88 86 92 88 76 74 0 78 82 76 78 86 72 74 92 80 76 80 74 80 82 82 74 82 92 76 86 92 72 74 90 82 86 88 88
 58 46 54 58 60 50 56 56 50 60 58 52 44 54 44 54 58 56 62 58 46 44 58 0 52 46 48 56 42 44 62 50 46 50 44 50 52 52 44 52 62 46 56 62 42 44 60 52 56 58 58
 70 58 66 70 72 62 68 68 62 72 70 64 56 66 56 66 70 68 74 70 58 56 70 60 0 58 60 68 54 56 74 62 58 62 56 62 64 64 56 64 74 58 68 74 54 56 72 64 68 70 70
 52 40 48 52 54 44 50 50 44 54 52 46 38 48 38 48 52 50 56 52 40 38 52 42 46 0 42 50 36 38 56 44 40 44 38 44 46 46 38 46 56 40 50 56 36 38 54 46 50 52 52
 58 46 54 58 60 50 56 56 50 60 58 52 44 54 44 54 58 56 62 58 46 44 58 48 52 46 0 56 42 44 62 50 46 50 44 50 52 52 44 52 62 46 56 62 42 44 60 52 56 58 58
 82 70 78 82 84 74 80 80 74 84 82 76 68 78 68 78 82 80 86 82 70 68 82 72 76 70 72 0 66 68 86 74 70 74 68 74 76 76 68 76 86 70 80 86 66 68 84 76 80 82 82
 40 28 36 40 42 32 38 38 32 42 40 34 26 36 26 36 40 38 44 40 28 26 40 30 34 28 30 38 0 26 44 32 28 32 26 32 34 34 26 34 44 28 38 44 24 26 42 34 38 40 40
 46 34 42 46 48 38 44 44 38 48 46 40 32 42 32 42 46 44 50 46 34 32 46 36 40 34 36 44 30 0 50 38 34 38 32 38 40 40 32 40 50 34 44 50 30 32 48 40 44 46 46
 100 88 96 100 102 92 98 98 92 102 100 94 86 96 86 96 100 98 104 100 88 86 100 90 94 88 90 98 84 86 0 92 88 92 86 92 94 94 86 94 104 88 98 104 84 86 102 94 98 100 100
 64 52 60 64 66 56 62 62 56 66 64 58 50 60 50 60 64 62 68 64 52 50 64 54 58 52 54 62 48 50 68 0 52 56 50 56 58 58 50 58 68 52 62 68 48 50 66 58 62 64 64
 52 40 48 52 54 44 50 50 44 54 52 46 38 48 38 48 52 50 56 52 40 38 52 42 46 40 42 50 36 38 56 44 0 44 38 44 46 46 38 46 56 40 50 56 36 38 54 46 50 52 52
 64 52 60 64 66 56 62 62 56 66 64 58 50 60 50 60 64 62 68 64 52 50 64 54 58 52 54 62 48 50 68 56 52 0 50 56 58 58 50 58 68 52 62 68 48 50 66 58 62 64 64
 46 34 42 46 48 38 44 44 38 48 46 40 32 42 32 42 46 44 50 46 34 32 46 36 40 34 36 44 30 32 50 38 34 38 0 38 40 40 32 40 50 34 44 50 30 32 48 40 44 46 46
 64 52 60 64 66 56 62 62 56 66 64 58 50 60 50 60 64 62 68 64 52 50 64 54 58 52 54 62 48 50 68 56 52 56 50 0 58 58 50 58 68 52 62 68 48 50 66 58 62 64 64
 70 58 66 70 72 62 68 68 62 72 70 64 56 66 56 66 70 68 74 70 58 56 70 60 64 58 60 68 54 56 74 62 58 62 56 62 0 64 56 64 74 58 68 74 54 56 72 64 68 70 70
 70 58 66 70 72 62 68 68 62 72 70 64 56 66 56 66 70 68 74 70 58 56 70 60 64 58 60 68 54 56 74 62 58 62 56 62 64 0 56 64 74 58 68 74 54 56 72 64 68 70 70
 46 34 42 46 48 38 44 44 38 48 46 40 32 42 32 42 46 44 50 46 34 32 46 36 40 34 36 44 30 32 50 38 34 38 32 38 40 40 0 40 50 34 44 50 30 32 48 40 44 46 46
 70 58 66 70 72 62 68 68 62 72 70 64 56 66 56 66 70 68 74 70 58 56 70 60 64 58 60 68 54 56 74 62 58 62 56 62 64 64 56 0 74 58 68 74 54 56 72 64 68 70 70
 100 88 96 100 102 92 98 98 92 102 100 94 86 96 86 96 100 98 104 100 88 86 100 90 94 88 90 98 84 86 104 92 88 92 86 92 94 94 86 94 0 88 98 104 84 86 102 94 98 100 100
 52 40 48 52 54 44 50 50 44 54 52 46 38 48 38 48 52 50 56 52 40 38 52 42 46 40 42 50 36 38 56 44 40 44 38 44 46 46 38 46 56 0 50 56 36 38 54 46 50 52 52
 82 70 78 82 84 74 80 80 74 84 82 76 68 78 68 78 82 80 86 82 70 68 82 72 76 70 72 80 66 68 86 74 70 74 68 74 76 76 68 76 86 70 0 86 66 68 84 76 80 82 82
 100 88 96 100 102 92 98 98 92 102 100 94 86 96 86 96 100 98 104 100 88 86 100 90 94 88 90 98 84 86 104 92 88 92 86 92 94 94 86 94 104 88 98 0 84 86 102 94 98 100 100
 40 28 36 40 42 32 38 38 32 42 40 34 26 36 26 36 40 38 44 40 28 26 40 30 34 28 30 38 24 26 44 32 28 32 26 32 34 34 26 34 44 28 38 44 0 26 42 34 38 40 40
 46 34 42 46 48 38 44 44 38 48 46 40 32 42 32 42 46 44 50 46 34 32 46 36 40 34 36 44 30 32 50 38 34 38 32 38 40 40 32 40 50 34 44 50 30 0 48 40 44 46 46
 94 82 90 94 96 86 92 92 86 96 94 88 80 90 80 90 94 92 98 94 82 80 94 84 88 82 84 92 78 80 98 86 82 86 80 86 88 88 80 88 98 82 92 98 78 80 0 88 92 94 94
 70 58 66 70 72 62 68 68 62 72 70 64 56 66 56 66 70 68 74 70 58 56 70 60 64 58 60 68 54 56 74 62 58 62 56 62 64 64 56 64 74 58 68 74 54 56 72 0 68 70 70
 82 70 78 82 84 74 80 80 74 84 82 76 68 78 68 78 82 80 86 82 70 68 82 72 76 70 72 80 66 68 86 74 70 74 68 74 76 76 68 76 86 70 80 86 66 68 84 76 0 82 82
 88 76 84 88 90 80 86 86 80 90 88 82 74 84 74 84 88 86 92 88 76 74 88 78 82 76 78 86 72 74 92 80 76 80 74 80 82 82 74 82 92 76 86 92 72 74 90 82 86 0 88
 88 76 84 88 90 80 86 86 80 90 88 82 74 84 74 84 88 86 92 88 76 74 88 78 82 76 78 86 72 74 92 80 76 80 74 80 82 82 74 82 92 76 86 92 72 74 90 82 86 88 0

 0 62 48 52 60 48 46 52 58 50 44 60 58 46 48 48 52 52 58 58 52 54 56 50 50 56 62 58 50 52 60 62 54 46 56 54 62 58 52 52 50 56 44 54 46 60 44 56 46 54 48
 90 0 90 94 102 90 88 94 100 92 86 102 100 88 90 90 94 94 100 100 94 96 98 92 92 98 104 100 92 94 102 104 96 88 98 96 104 100 94 94 92 98 86 96 88 102 86 98 88 96 90
 48 62 0 52 60 48 46 52 58 50 44 60 58 46 48 48 52 52 58 58 52 54 56 50 50 56 62 58 50 52 60 62 54 46 56 54 62 58 52 52 50 56 44 54 46 60 44 56 46 54 48
 60 74 60 0 72 60 58 64 70 62 56 72 70 58 60 60 64 64 70 70 64 66 68 62 62 68 74 70 62 64 72 74 66 58 68 66 74 70 64 64 62 68 56 66 58 72 56 68 58 66 60
 84 98 84 88 0 84 82 88 94 86 80 96 94 82 84 84 88 88 94 94 88 90 92 86 86 92 98 94 86 88 96 98 90 82 92 90 98 94 88 88 86 92 80 90 82 96 80 92 82 90 84
 48 62 48 52 60 0 46 52 58 50 44 60 58 46 48 48 52 52 58 58 52 54 56 50 50 56 62 58 50 52 60 62 54 46 56 54 62 58 52 52 50 56 44 54 46 60 44 56 46 54 48
 42 56 42 46 54 42 0 46 52 44 38 54 52 40 42 42 46 46 52 52 46 48 50 44 44 50 56 52 44 46 54 56 48 40 50 48 56 52 46 46 44 50 38 48 40 54 38 50 40 48 42
 60 74 60 64 72 60 58 0 70 62 56 72 70 58 60 60 64 64 70 70 64 66 68 62 62 68 74 70 62 64 72 74 66 58 68 66 74 70 64 64 62 68 56 66 58 72 56 68 58 66 60
 78 92 78 82 90 78 76 82 0 80 74 90 88 76 78 78 82 82 88 88 82 84 86 80 80 86 92 88 80 82 90 92 84 76 86 84 92 88 82 82 80 86 74 84 76 90 74 86 76 84 78
 54 68 54 58 66 54 52 58 64 0 50 66 64 52 54 54 58 58 64 64 58 60 62 56 56 62 68 64 56 58 66 68 60 52 62 60 68 64 58 58 56 62 50 60 52 66 50 62 52 60 54
 36 50 36 40 48 36 34 40 46 38 0 48 46 34 36 36 40 40 46 46 40 42 44 38 38 44 50 46 38 40 48 50 42 34 44 42 50 46 40 40 38 44 32 42 34 48 32 44 34 42 36
 84 98 84 88 96 84 82 88 94 86 80 0 94 82 84 84 88 88 94 94 88 90 92 86 86 92 98 94 86 88 96 98 90 82 92 90 98 94 88 88 86 92 80 90 82 96 80 92 82 90 84
 78 92 78 82 90 78 76 82 88 80 74 90 0 76 78 78 82 82 88 88 82 84 86 80 80 86 92 88 80 82 90 92 84 76 86 84 92 88 82 82 80 86 74 84 76 90 74 86 76 84 78
 42 56 42 46 54 42 40 46 52 44 38 54 52 0 42 42 46 46 52 52 46 48 50 44 44 50 56 52 44 46 54 56 48 40 50 48 56 52 46 46 44 50 38 48 40 54 38 50 40 48 42
 48 62 48 52 60 48 46 52 58 50 44 60 58 46 0 48 52 52 58 58 52 54 56 50 50 56 62 58 50 52 60 62 54 46 56 54 62 58 52 52 50 56 44 54 46 60 44 56 46 54 48
 48 62 48 52 60 48 46 52 58 50 44 60 58 46 48 0 52 52 58 58 52 54 56 50 50 56 62 58 50 52 60 62 54 46 56 54 62 58 52 52 50 56 44 54 46 60 44 56 46 54 48
 60 74 60 64 72 60 58 64 70 62 56 72 70 58 60 60 0 64 70 70 64 66 68 62 62 68 74 70 62 64 72 74 66 58 68 66 74 70 64 64 62 68 56 66 58 72 56 68 58 66 60
 60 74 60 64 72 60 58 64 70 62 56 72 70 58 60 60 64 0 70 70 64 66 68 62 62 68 74 70 62 64 72 74 66 58 68 66 74 70 64 64 62 68 56 66 58 72 56 68 58 66 60
 78 92 78 82 90 78 76 82 88 80 74 90 88 76 78 78 82 82 0 88 82 84 86 80 80 86 92 88 80 82 90 92 84 76 86 84 92 88 82 82 80 86 74 84 76 90 74 86 76 84 78
 78 92 78 82 90 78 76 82 88 80 74 90 88 76 78 78 82 82 88 0 82 84 86 80 80 86 92 88 80 82 90 92 84 76 86 84 92 88 82 82 80 86 74 84 76 90 74 86 76 84 78
 60 74 60 64 72 60 58 64 70 62 56 72 70 58 60 60 64 64 70 70 0 66 68 62 62 68 74 70 62 64 72 74 66 58 68 66 74 70 64 64 62 68 56 66 58 72 56 68 58 66 60
 66 80 66 70 78 66 64 70 76 68 62 78 76 64 66 66 70 70 76 76 70 0 74 68 68 74 80 76 68 70 78 80 72 64 74 72 80 76 70 70 68 74 62 72 64 78 62 74 64 72 66
 72 86 72 76 84 72 70 76 82 74 68 84 82 70 72 72 76 76 82 82 76 78 0 74 74 80 86 82 74 76 84 86 78 70 80 78 86 82 76 76 74 80 68 78 70 84 68 80 70 78 72
 54 68 54 58 66 54 52 58 64 56 50 66 64 52 54 54 58 58 64 64 58 60 62 0 56 62 68 64 56 58 66 68 60 52 62 60 68 64 58 58 56 62 50 60 52 66 50 62 52 60 54
 54 68 54 58 66 54 52 58 64 56 50 66 64 52 54 54 58 58 64 64 58 60 62 56 0 62 68 64 56 58 66 68 60 52 62 60 68 64 58 58 56 62 50 60 52 66 50 62 52 60 54
 72 86 72 76 84 72 70 76 82 74 68 84 82 70 72 72 76 76 82 82 76 78 80 74 74 0 86 82 74 76 84 86 78 70 80 78 86 82 76 76 74 80 68 78 70 84 68 80 70 78 72
 90 104 90 94 102 90 88 94 100 92 86 102 100 88 90 90 94 94 100 100 94 96 98 92 92 98 0 100 92 94 102 104 96 88 98 96 104 100 94 94 92 98 86 96 88 102 86 98 88 96 90
 78 92 78 82 90 78 76 82 88 80 74 90 88 76 78 78 82 82 88 88 82 84 86 80 80 86 92 0 80 82 90 92 84 76 86 84 92 88 82 82 80 86 74 84 76 90 74 86 76 84 78
 54 68 54 58 66 54 52 58 64 56 50 66 64 52 54 54 58 58 64 64 58 60 62 56 56 62 68 64 0 58 66 68 60 52 62 60 68 64 58 58 56 62 50 60 52 66 50 62 52 60 54
 60 74 60 64 72 60 58 64 70 62 56 72 70 58 60 60 64 64 70 70 64 66 68 62 62 68 74 70 62 0 72 74 66 58 68 66 74 70 64 64 62 68 56 66 58 72 56 68 58 66 60
 84 98 84 88 96 84 82 88 94 86 80 96 94 82 84 84 88 88 94 94 88 90 92 86 86 92 98 94 86 88 0 98 90 82 92 90 98 94 88 88 86 92 80 90 82 96 80 92 82 90 84
 90 104 90 94 102 90 88 94 100 92 86 102 100 88 90 90 94 94 100 100 94 96 98 92 92 98 104 100 92 94 102 0 96 88 98 96 104 100 94 94 92 98 86 96 88 102 86 98 88 96 90
 66 80 66 70 78 66 64 70 76 68 62 78 76 64 66 66 70 70 76 76 70 72 74 68 68 74 80 76 68 70 78 80 0 64 74 72 80 76 70 70 68 74 62 72 64 78 62 74 64 72 66
 42 56 42 46 54 42 40 46 52 44 38 54 52 40 42 42 46 46 52 52 46 48 50 44 44 50 56 52 44 46 54 56 48 0 50 48 56 52 46 46 44 50 38 48 40 54 38 50 40 48 42
 72 86 72 76 84 72 70 76 82 74 68 84 82 70 72 72 76 76 82 82 76 78 80 74 74 80 86 82 74 76 84 86 78 70 0 78 86 82 76 76 74 80 68 78 70 84 68 80 70 78 72
 66 80 66 70 78 66 64 70 76 68 62 78 76 64 66 66 70 70 76 76 70 72 74 68 68 74 80 76 68 70 78 80 72 64 74 0 80 76 70 70 68 74 62 72 64 78 62 74 64 72 66
 90 104 90 94 102 90 88 94 100 92 86 102 100 88 90 90 94 94 100 100 94 96 98 92 92 98 104 100 92 94 102 104 96 88 98 96 0 100 94 94 92 98 86 96 88 102 86 98 88 96 90
 78 92 78 82 90 78 76 82 88 80 74 90 88 76 78 78 82 82 88 88 82 84 86 80 80 86 92 88 80 82 90 92 84 76 86 84 92 0 82 82 80 86 74 84 76 90 74 86 76 84 78
 60 74 60 64 72 60 58 64 70 62 56 72 70 58 60 60 64 64 70 70 64 66 68 62 62 68 74 70 62 64 72 74 66 58 68 66 74 70 0 64 62 68 56 66 58 72 56 68 58 66 60
 60 74 60 64 72 60 58 64 70 62 56 72 70 58 60 60 64 64 70 70 64 66 68 62 62 68 74 70 62 64 72 74 66 58 68 66 74 70 64 0 62 68 56 66 58 72 56 68 58 66 60
 54 68 54 58 66 54 52 58 64 56 50 66 64 52 54 54 58 58 64 64 58 60 62 56 56 62 68 64 56 58 66 68 60 52 62 60 68 64 58 58 0 62 50 60 52 66 50 62 52 60 54
 72 86 72 76 84 72 70 76 82 74 68 84 82 70 72 72 76 76 82 82 76 78 80 74 74 80 86 82 74 76 84 86 78 70 80 78 86 82 76 76 74 0 68 78 70 84 68 80 70 78 72
 36 50 36 40 48 36 34 40 46 38 32 48 46 34 36 36 40 40 46 46 40 42 44 38 38 44 50 46 38 40 48 50 42 34 44 42 50 46 40 40 38 44 0 42 34 48 32 44 34 42 36
 66 80 66 70 78 66 64 70 76 68 62 78 76 64 66 66 70 70 76 76 70 72 74 68 68 74 80 76 68 70 78 80 72 64 74 72 80 76 70 70 68 74 62 0 64 78 62 74 64 72 66
 42 56 42 46 54 42 40 46 52 44 38 54 52 40 42 42 46 46 52 52 46 48 50 44 44 50 56 52 44 46 54 56 48 40 50 48 56 52 46 46 44 50 38 48 0 54 38 50 40 48 42
 84 98 84 88 96 84 82 88 94 86 80 96 94 82 84 84 88 88 94 94 88 90 92 86 86 92 98 94 86 88 96 98 90 82 92 90 98 94 88 88 86 92 80 90 82 0 80 92 82 90 84
 36 50 36 40 48 36 34 40 46 38 32 48 46 34 36 36 40 40 46 46 40 42 44 38 38 44 50 46 38 40 48 50 42 34 44 42 50 46 40 40 38 44 32 42 34 48 0 44 34 42 36
 72 86 72 76 84 72 70 76 82 74 68 84 82 70 72 72 76 76 82 82 76 78 80 74 74 80 86 82 74 76 84 86 78 70 80 78 86 82 76 76 74 80 68 78 70 84 68 0 70 78 72
 42 56 42 46 54 42 40 46 52 44 38 54 52 40 42 42 46 46 52 52 46 48 50 44 44 50 56 52 44 46 54 56 48 40 50 48 56 52 46 46 44 50 38 48 40 54 38 50 0 48 42
 66 80 66 70 78 66 64 70 76 68 62 78 76 64 66 66 70 70 76 76 70 72 74 68 68 74 80 76 68 70 78 80 72 64 74 72 80 76 70 70 68 74 62 72 64 78 62 74 64 0 66
 48 62 48 52 60 48 46 52 58 50 44 60 58 46 48 48 52 52 58 58 52 54 56 50 50 56 62 58 50 52 60 62 54 46 56 54 62 58 52 52 50 56 44 54 46 60 44 56 46 54 0

 0 88 82 84 84 84 86 78 90 90 92 90 92 92 72 80 90 88 80 78 74 80 74 76 86 84 80 76 72 78 92 76 90 92 72 78 86 82 90 82 80 78 86 82 74 76 84 86 86 74 90
 88 0 82 84 84 84 86 78 90 90 92 90 92 92 72 80 90 88 80 78 74 80 74 76 86 84 80 76 72 78 92 76 90 92 72 78 86 82 90 82 80 78 86 82 74 76 84 86 86 74 90
 70 70 0 66 66 66 68 60 72 72 74 72 74 74 54 62 72 70 62 60 56 62 56 58 68 66 62 58 54 60 74 58 72 74 54 60 68 64 72 64 62 60 68 64 56 58 66 68 68 56 72
 76 76 70 0 72 72 74 66 78 78 80 78 80 80 60 68 78 76 68 66 62 68 62 64 74 72 68 64 60 66 80 64 78 80 60 66 74 70 78 70 68 66 74 70 62 64 72 74 74 62 78
 76 76 70 72 0 72 74 66 78 78 80 78 80 80 60 68 78 76 68 66 62 68 62 64 74 72 68 64 60 66 80 64 78 80 60 66 74 70 78 70 68 66 74 70 62 64 72 74 74 62 78
 76 76 70 72 72 0 74 66 78 78 80 78 80 80 60 68 78 76 68 66 62 68 62 64 74 72 68 64 60 66 80 64 78 80 60 66 74 70 78 70 68 66 74 70 62 64 72 74 74 62 78
 82 82 76 78 78 78 0 72 84 84 86 84 86 86 66 74 84 82 74 72 68 74 68 70 80 78 74 70 66 72 86 70 84 86 66 72 80 76 84 76 74 72 80 76 68 70 78 80 80 68 84
 58 58 52 54 54 54 56 0 60 60 62 60 62 62 42 50 60 58 50 48 44 50 44 46 56 54 50 46 42 48 62 46 60 62 42 48 56 52 60 52 50 48 56 52 44 46 54 56 56 44 60
 94 94 88 90 90 90 92 84 0 96 98 96 98 98 78 86 96 94 86 84 80 86 80 82 92 90 86 82 78 84 98 82 96 98 78 84 92 88 96 88 86 84 92 88 80 82 90 92 92 80 96
 94 94 88 90 90 90 92 84 96 0 98 96 98 98 78 86 96 94 86 84 80 86 80 82 92 90 86 82 78 84 98 82 96 98 78 84 92 88 96 88 86 84 92 88 80 82 90 92 92 80 96
 100 100 94 96 96 96 98 90 102 102 0 102 104 104 84 92 102 100 92 90 86 92 86 88 98 96 92 88 84 90 104 88 102 104 84 90 98 94 102 94 92 90 98 94 86 88 96 98 98 86 102
 94 94 88 90 90 90 92 84 96 96 98 0 98 98 78 86 96 94 86 84 80 86 80 82 92 90 86 82 78 84 98 82 96 98 78 84 92 88 96 88 86 84 92 88 80 82 90 92 92 80 96
 100 100 94 96 96 96 98 90 102 102 104 102 0 104 84 92 102 100 92 90 86 92 86 88 98 96 92 88 84 90 104 88 102 104 84 90 98 94 102 94 92 90 98 94 86 88 96 98 98 86 102
 100 100 94 96 96 96 98 90 102 102 104 102 104 0 84 92 102 100 92 90 86 92 86 88 98 96 92 88 84 90 104 88 102 104 84 90 98 94 102 94 92 90 98 94 86 88 96 98 98 86 102
 40 40 34 36 36 36 38 30 42 42 44 42 44 44 0 32 42 40 32 30 26 32 26 28 38 36 32 28 24 30 44 28 42 44 24 30 38 34 42 34 32 30 38 34 26 28 36 38 38 26 42
 64 64 58 60 60 60 62 54 66 66 68 66 68 68 48 0 66 64 56 54 50 56 50 52 62 60 56 52 48 54 68 52 66 68 48 54 62 58 66 58 56 54 62 58 50 52 60 62 62 50 66
 94 94 88 90 90 90 92 84 96 96 98 96 98 98 78 86 0 94 86 84 80 86 80 82 92 90 86 82 78 84 98 82 96 98 78 84 92 88 96 88 86 84 92 88 80 82 90 92 92 80 96
 88 88 82 84 84 84 86 78 90 90 92 90 92 92 72 80 90 0 80 78 74 80 74 76 86 84 80 76 72 78 92 76 90 92 72 78 86 82 90 82 80 78 86 82 74 76 84 86 86 74 90
 64 64 58 60 60 60 62 54 66 66 68 66 68 68 48 56 66 64 0 54 50 56 50 52 62 60 56 52 48 54 68 52 66 68 48 54 62 58 66 58 56 54 62 58 50 52 60 62 62 50 66
 58 58 52 54 54 54 56 48 60 60 62 60 62 62 42 50 60 58 50 0 44 50 44 46 56 54 50 46 42 48 62 46 60 62 42 48 56 52 60 52 50 48 56 52 44 46 54 56 56 44 60
 46 46 40 42 42 42 44 36 48 48 50 48 50 50 30 38 48 46 38 36 0 38 32 34 44 42 38 34 30 36 50 34 48 50 30 36 44 40 48 40 38 36 44 40 32 34 42 44 44 32 48
 64 64 58 60 60 60 62 54 66 66 68 66 68 68 48 56 66 64 56 54 50 0 50 52 62 60 56 52 48 54 68 52 66 68 48 54 62 58 66 58 56 54 62 58 50 52 60 62 62 50 66
 46 46 40 42 42 42 44 36 48 48 50 48 50 50 30 38 48 46 38 36 32 38 0 34 44 42 38 34 30 36 50 34 48 50 30 36 44 40 48 40 38 36 44 40 32 34 42 44 44 32 48
 52 52 46 48 48 48 50 42 54 54 56 54 56 56 36 44 54 52 44 42 38 44 38 0 50 48 44 40 36 42 56 40 54 56 36 42 50 46 54 46 44 42 50 46 38 40 48 50 50 38 54
 82 82 76 78 78 78 80 72 84 84 86 84 86 86 66 74 84 82 74 72 68 74 68 70 0 78 74 70 66 72 86 70 84 86 66 72 80 76 84 76 74 72 80 76 68 70 78 80 80 68 84
 76 76 70 72 72 72 74 66 78 78 80 78 80 80 60 68 78 76 68 66 62 68 62 64 74 0 68 64 60 66 80 64 78 80 60 66 74 70 78 70 68 66 74 70 62 64 72 74 74 62 78
 64 64 58 60 60 60 62 54 66 66 68 66 68 68 48 56 66 64 56 54 50 56 50 52 62 60 0 52 48 54 68 52 66 68 48 54 62 58 66 58 56 54 62 58 50 52 60 62 62 50 66
 52 52 46 48 48 48 50 42 54 54 56 54 56 56 36 44 54 52 44 42 38 44 38 40 50 48 44 0 36 42 56 40 54 56 36 42 50 46 54 46 44 42 50 46 38 40 48 50 50 38 54
 40 40 34 36 36 36 38 30 42 42 44 42 44 44 24 32 42 40 32 30 26 32 26 28 38 36 32 28 0 30 44 28 42 44 24 30 38 34 42 34 32 30 38 34 26 28 36 38 38 26 42
 58 58 52 54 54 54 56 48 60 60 62 60 62 62 42 50 60 58 50 48 44 50 44 46 56 54 50 46 42 0 62 46 60 62 42 48 56 52 60 52 50 48 56 52 44 46 54 56 56 44 60
 100 100 94 96 96 96 98 90 102 102 104 102 104 104 84 92 102 100 92 90 86 92 86 88 98 96 92 88 84 90 0 88 102 104 84 90 98 94 102 94 92 90 98 94 86 88 96 98 98 86 102
 52 52 46 48 48 48 50 42 54 54 56 54 56 56 36 44 54 52 44 42 38 44 38 40 50 48 44 40 36 42 56 0 54 56 36 42 50 46 54 46 44 42 50 46 38 40 48 50 50 38 54
 94 94 88 90 90 90 92 84 96 96 98 96 98 98 78 86 96 94 86 84 80 86 80 82 92 90 86 82 78 84 98 82 0 98 78 84 92 88 96 88 86 84 92 88 80 82 90 92 92 80 96
 100 100 94 96 96 96 98 90 102 102 104 102 104 104 84 92 102 100 92 90 86 92 86 88 98 96 92 88 84 90 104 88 102 0 84 90 98 94 102 94 92 90 98 94 86 88 96 98 98 86 102
 40 40 34 36 36 36 38 30 42 42 44 42 44 44 24 32 42 40 32 30 26 32 26 28 38 36 32 28 24 30 44 28 42 44 0 30 38 34 42 34 32 30 38 34 26 28 36 38 38 26 42
 58 58 52 54 54 54 56 48 60 60 62 60 62 62 42 50 60 58 50 48 44 50 44 46 56 54 50 46 42 48 62 46 60 62 42 0 56 52 60 52 50 48 56 52 44 46 54 56 56 44 60
 82 82 76 78 78 78 80 72 84 84 86 84 86 86 66 74 84 82 74 72 68 74 68 70 80 78 74 70 66 72 86 70 84 86 66 72 0 76 84 76 74 72 80 76 68 70 78 80 80 68 84
 70 70 64 66 66 66 68 60 72 72 74 72 74 74 54 62 72 70 62 60 56 62 56 58 68 66 62 58 54 60 74 58 72 74 54 60 68 0 72 64 62 60 68 64 56 58 66 68 68 56 72
 94 94 88 90 90 90 92 84 96 96 98 96 98 98 78 86 96 94 86 84 80 86 80 82 92 90 86 82 78 84 98 82 96 98 78 84 92 88 0 88 86 84 92 88 80 82 90 92 92 80 96
 70 70 64 66 66 66 68 60 72 72 74 72 74 74 54 62 72 70 62 60 56 62 56 58 68 66 62 58 54 60 74 58 72 74 54 60 68 64 72 0 62 60 68 64 56 58 66 68 68 56 72
 64 64 58 60 60 60 62 54 66 66 68 66 68 68 48 56 66 64 56 54 50 56 50 52 62 60 56 52 48 54 68 52 66 68 48 54 62 58 66 58 0 54 62 58 50 52 60 62 62 50 66
 58 58 52 54 54 54 56 48 60 60 62 60 62 62 42 50 60 58 50 48 44 50 44 46 56 54 50 46 42 48 62 46 60 62 42 48 56 52 60 52 50 0 56 52 44 46 54 56 56 44 60
 82 82 76 78 78 78 80 72 84 84 86 84 86 86 66 74 84 82 74 72 68 74 68 70 80 78 74 70 66 72 86 70 84 86 66 72 80 76 84 76 74 72 0 76 68 70 78 80 80 68 84
 70 70 64 66 66 66 68 60 72 72 74 72 74 74 54 62 72 70 62 60 56 62 56 58 68 66 62 58 54 60 74 58 72 74 54 60 68 64 72 64 62 60 68 0 56 58 66 68 68 56 72
 46 46 40 42 42 42 44 36 48 48 50 48 50 50 30 38 48 46 38 36 32 38 32 34 44 42 38 34 30 36 50 34 48 50 30 36 44 40 48 40 38 36 44 40 0 34 42 44 44 32 48
 52 52 46 48 48 48 50 42 54 54 56 54 56 56 36 44 54 52 44 42 38 44 38 40 50 48 44 40 36 42 56 40 54 56 36 42 50 46 54 46 44 42 50 46 38 0 48 50 50 38 54
 76 76 70 72 72 72 74 66 78 78 80 78 80 80 60 68 78 76 68 66 62 68 62 64 74 72 68 64 60 66 80 64 78 80 60 66 74 70 78 70 68 66 74 70 62 64 0 74 74 62 78
 82 82 76 78 78 78 80 72 84 84 86 84 86 86 66 74 84 82 74 72 68 74 68 70 80 78 74 70 66 72 86 70 84 86 66 72 80 76 84 76 74 72 80 76 68 70 78 0 80 68 84
 82 82 76 78 78 78 80 72 84 84 86 84 86 86 66 74 84 82 74 72 68 74 68 70 80 78 74 70 66 72 86 70 84 86 66 72 80 76 84 76 74 72 80 76 68 70 78 80 0 68 84
 46 46 40 42 42 42 44 36 48 48 50 48 50 50 30 38 48 46 38 36 32 38 32 34 44 42 38 34 30 36 50 34 48 50 30 36 44 40 48 40 38 36 44 40 32 34 42 44 44 0 48
 94 94 88 90 90 90 92 84 96 96 98 96 98 98 78 86 96 94 86 84 80 86 80 82 92 90 86 82 78 84 98 82 96 98 78 84 92 88 96 88 86 84 92 88 80 82 90 92 92 80 0