16 3

 0 172 168 179 155 215 71 177 111 113 80 157 49 189 52 211
 172 0 266 277 199 266 180 241 150 156 174 238 125 223 146 285
 168 266 0 194 257 258 111 230 170 166 96 216 136 260 105 234
 179 277 194 0 269 262 115 239 177 172 97 227 148 269 116 232
 155 199 257 269 0 270 169 240 157 162 167 232 116 230 137 284
 215 266 258 262 270 0 184 229 117 108 157 247 161 230 154 228
 71 180 111 115 169 184 0 184 125 122 53 165 80 212 51 192
 177 241 230 239 240 229 184 0 131 129 133 208 123 221 118 235
 111 150 170 177 157 117 125 131 0 35 103 181 87 143 91 187
 113 156 166 172 162 108 122 129 35 0 99 180 89 149 90 179
 80 174 96 97 167 157 53 133 103 99 0 156 78 197 47 163
 157 238 216 227 232 247 165 208 181 180 156 0 110 234 98 243
 49 125 136 148 116 161 80 123 87 89 78 110 0 166 47 197
 189 223 260 269 230 230 212 221 143 149 197 234 166 0 146 260
 52 146 105 116 137 154 51 118 91 90 47 98 47 146 0 177
 211 285 234 232 284 228 192 235 187 179 163 243 197 260 177 0

 0 138 138 249 125 282 136 243 175 279 249 225 212 160 223 185
 138 0 99 210 32 196 108 170 77 185 206 169 151 57 180 122
 138 99 0 129 92 190 41 161 99 197 130 149 164 96 141 73
 249 210 129 0 170 260 111 236 172 269 197 226 242 171 218 137
 125 32 92 170 0 202 99 171 86 193 201 165 144 66 173 123
 282 196 190 260 202 0 179 225 111 204 256 245 254 131 255 132
 136 108 41 111 99 179 0 179 118 217 151 162 172 112 151 95
 243 170 161 236 171 225 179 0 124 224 231 205 215 121 218 138
 175 77 99 172 86 111 118 124 0 129 200 177 178 42 190 89
 279 185 197 269 193 204 217 224 129 0 264 244 248 116 257 149
 249 206 130 197 201 256 151 231 200 264 0 221 238 165 215 134
 225 169 149 226 165 245 162 205 177 244 221 0 203 135 199 147
 212 151 164 242 144 254 172 215 178 248 238 203 0 131 212 165
 160 57 96 171 66 131 112 121 42 116 165 135 131 0 182 99
 223 180 141 218 173 255 151 218 190 257 215 199 212 182 0 150
 185 122 73 137 123 132 95 138 89 149 134 147 165 99 150 0

 0 79 173 89 164 124 169 78 117 212 184 59 151 97 157 215
 79 0 203 119 140 107 210 74 88 187 210 72 159 63 183 221
 173 203 0 101 263 164 206 128 173 262 197 115 235 165 207 235
 89 119 101 0 211 104 146 73 116 204 134 62 183 110 154 169
 164 140 263 211 0 178 266 140 162 260 270 133 217 137 241 287
 124 107 164 104 178 0 215 63 56 140 194 82 196 71 192 165
 169 210 206 146 266 215 0 144 190 280 216 126 241 179 215 255
 78 74 128 73 140 63 144 0 65 156 165 38 153 57 151 167
 117 88 173 116 162 56 190 65 0 131 204 80 186 48 193 188
 212 187 262 204 260 140 280 156 131 0 263 142 251 117 255 243
 184 210 197 134 270 194 216 165 204 263 0 120 242 167 214 229
 59 72 115 62 133 82 126 38 80 142 120 0 140 70 131 175
 151 159 235 183 217 196 241 153 186 251 242 140 0 136 214 263
 97 63 165 110 137 71 179 57 48 117 167 70 136 0 183 196
 157 183 207 154 241 192 215 151 193 255 214 131 214 183 0 244
 215 221 235 169 287 165 255 167 188 243 229 175 263 196 244 0

 0 46 42 40 40 42 48 34 20 32 34 28 48 36 26 32
 90 0 108 106 106 108 114 100 86 98 100 94 114 102 92 98
 78 100 0 94 94 96 102 88 74 86 88 82 102 90 80 86
 72 94 90 0 88 90 96 82 68 80 82 76 96 84 74 80
 72 94 90 88 0 90 96 82 68 80 82 76 96 84 74 80
 78 100 96 94 94 0 102 88 74 86 88 82 102 90 80 86
 96 118 114 112 112 114 0 106 92 104 106 100 120 108 98 104
 54 76 72 70 70 72 78 0 50 62 64 58 78 66 56 62
 12 34 30 28 28 30 36 22 0 20 22 16 36 24 14 20
 48 70 66 64 64 66 72 58 44 0 58 52 72 60 50 56
 54 76 72 70 70 72 78 64 50 62 0 58 78 66 56 62
 36 58 54 52 52 54 60 46 32 44 46 0 60 48 38 44
 96 118 114 112 112 114 120 106 92 104 106 100 0 108 98 104
 60 82 78 76 76 78 84 70 56 68 70 64 84 0 62 68
 30 52 48 46 46 48 54 40 26 38 40 34 54 42 0 38
 48 70 66 64 64 66 72 58 44 56 58 52 72 60 50 0

 0 70 88 88 78 78 82 82 66 82 72 76 68 66 88 86
 50 0 58 58 48 48 52 52 36 52 42 46 38 36 58 56
 104 94 0 112 102 102 106 106 90 106 96 100 92 90 112 110
 104 94 112 0 102 102 106 106 90 106 96 100 92 90 112 110
 74 64 82 82 0 72 76 76 60 76 66 70 62 60 82 80
 74 64 82 82 72 0 76 76 60 76 66 70 62 60 82 80
 86 76 94 94 84 84 0 88 72 88 78 82 74 72 94 92
 86 76 94 94 84 84 88 0 72 88 78 82 74 72 94 92
 38 28 46 46 36 36 40 40 0 40 30 34 26 24 46 44
 86 76 94 94 84 84 88 88 72 0 78 82 74 72 94 92
 56 46 64 64 54 54 58 58 42 58 0 52 44 42 64 62
 68 58 76 76 66 66 70 70 54 70 60 0 56 54 76 74
 44 34 52 52 42 42 46 46 30 46 36 40 0 30 52 50
 38 28 46 46 36 36 40 40 24 40 30 34 26 0 46 44
 104 94 112 112 102 102 106 106 90 106 96 100 92 90 0 110
 98 88 106 106 96 96 100 100 84 100 90 94 86 84 106 0

 0 18 20 22 36 20 18 32 30 22 30 22 16 8 22 26
 38 0 50 52 66 50 48 62 60 52 60 52 46 38 52 56
 44 54 0 58 72 56 54 68 66 58 66 58 52 44 58 62
 50 60 62 0 78 62 60 74 72 64 72 64 58 50 64 68
 92 102 104 106 0 104 102 116 114 106 114 106 100 92 106 110
 44 54 56 58 72 0 54 68 66 58 66 58 52 44 58 62
 38 48 50 52 66 50 0 62 60 52 60 52 46 38 52 56
 80 90 92 94 108 92 90 0 102 94 102 94 88 80 94 98
 74 84 86 88 102 86 84 98 0 88 96 88 82 74 88 92
 50 60 62 64 78 62 60 74 72 0 72 64 58 50 64 68
 74 84 86 88 102 86 84 98 96 88 0 88 82 74 88 92
 50 60 62 64 78 62 60 74 72 64 72 0 58 50 64 68
 32 42 44 46 60 44 42 56 54 46 54 46 0 32 46 50
 8 18 20 22 36 20 18 32 30 22 30 22 16 0 22 26
 50 60 62 64 78 62 60 74 72 64 72 64 58 50 0 68
 62 72 74 76 90 74 72 86 84 76 84 76 70 62 76 0