14 4

 0 148 178 63 193 102 56 65 100 157 141 81 151 162
 148 0 255 147 247 184 132 145 183 208 231 170 229 211
 178 255 0 120 239 118 107 100 123 238 235 147 215 244
 63 147 120 0 191 70 40 37 67 171 145 64 140 177
 193 247 239 191 0 171 136 145 177 224 266 194 242 227
 102 184 118 70 171 0 68 56 38 202 183 78 174 207
 56 132 107 40 136 68 0 32 71 152 152 76 127 158
 65 145 100 37 145 56 32 0 58 166 154 69 137 172
 100 183 123 67 177 38 71 58 0 203 179 70 174 209
 157 208 238 171 224 202 152 166 203 0 236 171 220 191
 141 231 235 145 266 183 152 154 179 236 0 122 214 241
 81 170 147 64 194 78 76 69 70 171 122 0 174 209
 151 229 215 140 242 174 127 137 174 220 214 174 0 225
 162 211 244 177 227 207 158 172 209 191 241 209 225 0

 0 215 246 223 164 163 122 229 161 124 207 242 215 125
 215 0 259 243 154 181 134 245 180 111 233 267 229 110
 246 259 0 217 147 116 110 201 121 142 238 245 216 144
 223 243 217 0 161 130 105 200 127 137 210 224 203 139
 164 154 147 161 0 104 74 181 110 63 204 227 178 62
 163 181 116 130 104 0 66 152 31 101 181 171 170 102
 122 134 110 105 74 66 0 132 68 55 154 173 127 57
 229 245 201 200 181 152 132 0 120 134 221 231 202 136
 161 180 121 127 110 31 68 120 0 102 177 163 170 104
 124 111 142 137 63 101 55 134 102 0 171 201 153 23
 207 233 238 210 204 181 154 221 177 171 0 219 214 140
 242 267 245 224 227 171 173 231 163 201 219 0 237 171
 215 229 216 203 178 170 127 202 170 153 214 237 0 122
 125 110 144 139 62 102 57 136 104 23 140 171 122 0

 0 58 78 62 193 104 156 167 102 160 48 86 56 64
 58 0 93 84 185 124 170 185 123 149 76 113 72 51
 78 93 0 51 171 52 139 134 57 173 74 84 52 78
 62 84 51 0 189 70 138 137 67 172 50 67 43 77
 193 185 171 189 0 171 234 245 177 225 171 197 145 127
 104 124 52 70 171 0 167 157 39 204 89 82 78 108
 156 170 139 138 234 167 0 199 138 220 124 146 97 125
 167 185 134 137 245 157 199 0 126 235 127 140 108 140
 102 123 57 67 177 39 138 126 0 205 85 74 78 110
 160 149 173 172 225 204 220 235 205 0 143 176 125 93
 48 76 74 50 171 89 124 127 85 143 0 63 55 79
 86 113 84 67 197 82 146 140 74 176 63 0 81 113
 56 72 52 43 145 78 97 108 78 125 55 81 0 62
 64 51 78 77 127 108 125 140 110 93 79 113 62 0

 0 45 80 150 96 194 154 67 191 154 41 173 146 56
 45 0 95 172 88 214 168 85 212 143 69 200 162 43
 80 95 0 149 84 152 147 44 156 177 77 181 152 80
 150 172 149 0 159 227 203 104 223 233 110 221 200 136
 96 88 84 159 0 205 176 89 210 163 108 228 179 63
 194 214 152 227 205 0 234 126 197 267 151 238 237 169
 154 168 147 203 176 234 0 106 234 221 124 240 194 124
 67 85 44 104 89 126 106 0 157 171 62 169 140 74
 191 212 156 223 210 197 234 157 0 267 146 229 236 170
 154 143 177 233 163 267 221 171 267 0 140 267 219 89
 41 69 77 110 108 151 124 62 146 140 0 154 149 75
 173 200 181 221 228 238 240 169 229 267 154 0 237 171
 146 162 152 200 179 237 194 140 236 219 149 237 0 122
 56 43 80 136 63 169 124 74 170 89 75 171 122 0

 0 28 16 16 20 36 12 22 18 28 14 14 28 14
 68 0 76 76 80 96 72 82 78 88 74 74 88 74
 32 52 0 40 44 60 36 46 42 52 38 38 52 38
 32 52 40 0 44 60 36 46 42 52 38 38 52 38
 44 64 52 52 0 72 48 58 54 64 50 50 64 50
 92 112 100 100 104 0 96 106 102 112 98 98 112 98
 20 40 28 28 32 48 0 34 30 40 26 26 40 26
 50 70 58 58 62 78 54 0 60 70 56 56 70 56
 38 58 46 46 50 66 42 52 0 58 44 44 58 44
 68 88 76 76 80 96 72 82 78 0 74 74 88 74
 26 46 34 34 38 54 30 40 36 46 0 32 46 32
 26 46 34 34 38 54 30 40 36 46 32 0 46 32
 68 88 76 76 80 96 72 82 78 88 74 74 0 74
 26 46 34 34 38 54 30 40 36 46 32 32 46 0

 0 90 102 92 92 98 74 88 98 90 80 88 88 78
 78 0 84 74 74 80 56 70 80 72 62 70 70 60
 114 108 0 110 110 116 92 106 116 108 98 106 106 96
 84 78 90 0 80 86 62 76 86 78 68 76 76 66
 84 78 90 80 0 86 62 76 86 78 68 76 76 66
 102 96 108 98 98 0 80 94 104 96 86 94 94 84
 30 24 36 26 26 32 0 22 32 24 14 22 22 12
 72 66 78 68 68 74 50 0 74 66 56 64 64 54
 102 96 108 98 98 104 80 94 0 96 86 94 94 84
 78 72 84 74 74 80 56 70 80 0 62 70 70 60
 48 42 54 44 44 50 26 40 50 42 0 40 40 30
 72 66 78 68 68 74 50 64 74 66 56 0 64 54
 72 66 78 68 68 74 50 64 74 66 56 64 0 54
 42 36 48 38 38 44 20 34 44 36 26 34 34 0

 0 66 76 56 60 74 78 78 58 78 52 60 56 50
 70 0 82 62 66 80 84 84 64 84 58 66 62 56
 100 102 0 92 96 110 114 114 94 114 88 96 92 86
 40 42 52 0 36 50 54 54 34 54 28 36 32 26
 52 54 64 44 0 62 66 66 46 66 40 48 44 38
 94 96 106 86 90 0 108 108 88 108 82 90 86 80
 106 108 118 98 102 116 0 120 100 120 94 102 98 92
 106 108 118 98 102 116 120 0 100 120 94 102 98 92
 46 48 58 38 42 56 60 60 0 60 34 42 38 32
 106 108 118 98 102 116 120 120 100 0 94 102 98 92
 28 30 40 20 24 38 42 42 22 42 0 24 20 14
 52 54 64 44 48 62 66 66 46 66 40 0 44 38
 40 42 52 32 36 50 54 54 34 54 28 36 0 26
 22 24 34 14 18 32 36 36 16 36 10 18 14 0

 0 32 26 40 24 22 32 36 40 32 18 24 30 26
 64 0 74 88 72 70 80 84 88 80 66 72 78 74
 46 62 0 70 54 52 62 66 70 62 48 54 60 56
 88 104 98 0 96 94 104 108 112 104 90 96 102 98
 40 56 50 64 0 46 56 60 64 56 42 48 54 50
 34 50 44 58 42 0 50 54 58 50 36 42 48 44
 64 80 74 88 72 70 0 84 88 80 66 72 78 74
 76 92 86 100 84 82 92 0 100 92 78 84 90 86
 88 104 98 112 96 94 104 108 0 104 90 96 102 98
 64 80 74 88 72 70 80 84 88 0 66 72 78 74
 22 38 32 46 30 28 38 42 46 38 0 30 36 32
 40 56 50 64 48 46 56 60 64 56 42 0 54 50
 58 74 68 82 66 64 74 78 82 74 60 66 0 68
 46 62 56 70 54 52 62 66 70 62 48 54 60 0