48 3

   0475612176371366931432438 587 470566317311635238422181297103338492277344722842967 74017175300260360983478267536513274159939731760216667852401333210543554 84722034846350719566849156423933805
4756   03608202818626998653352195043234441744762365931504922396774876365727951304061405037022892313918807194665912386981603434775273268831616300721756553117459427791625705362033494549144122157
12173608   0516824673688309217631448446811991548151111171505 97743112919399221832216 669 8424154154048923964327224693737246329791975 97155912931390120572503104614073640390626925672204218782618
637120285168   0280580717745689665821405537859714689438962265732842775918318614648065721499323374197 3368193781527988012742737796467424114517463828371503687602746471701799975051885677453682899
3669186224672805   053404967422138282018258831851937159434313205576248095602342322303083219918781423251054965053 917529746331688368616113140469755564374127332462438119253284712325239812662 362
31436998368880715340   0 764323026746935284622943420386821824102 740 897 3181944331736893329621739547764 375 5005797 41716814532175544527937 784 23022474456270050656407 56512307816168927155288
24386533309277454967 764   02497196466872403183130723427161634161490 192105317033125301828496035358274391122 2935331 985 9464375128739197733 355 931151442142076443560821242 4967654108124514950
 587521917636896422132302497   0 730621722642087294127841699133839532355352026913502120022825866317166233581275441513404158945342099268773392535339510154120134625645389365520017410181228984362
 470504314486582382826741964 730   057911613136723392301 9701473338518082980196128381125173553602646630030132207390828131140393513772408690619382864 6293560 69125985012305014886941112722033930
566323444468140520186935668762175791   04405497336593513527652077227654971635034362650924102 93832271148702267302458686164972493543936181127638971426304251651774328 958680865111277579042581970
1731417411995378258828462403226416134405   0 618 7831047 8912070337022443129106712571646 5213863122250773056251029722836211323541127167554902151306419842022 954252937282942214754741417 7262596
1635476215485971318522941831208713674973 618   013241638 4222246284916672579 720160517961076438718045664252019373555229615922809 552220460421579250715722539 82229364312243015826006 858 9153179
2384365915114689193734203072294123393659 7831324   0 662164824743855292336821504 7392115 7133096 557438435793142247833772866161318021503473527893635274512551677256430263420286847102147 7691896
221831501117438915943868342727842301351310471638 662   018602055436532664147201413511773 6233099 44440924065353819493849305718882154 86246233179408628131404168519472762393331474661241713651653
12974922150562263431218216161699 9705276 891 42216481860   02051281214502487 996199016061263473020905930246017783729223412223179 502230463651430239811522884 56928934588241612916345 57013043460
10333967 977573232054102341613381473520720702246247420552051   047833247440429253169 47017904989247754734417363929664201260539212545162263163339429520663430150612644321441629456441245827713406
38497487431184275762 7401490395333857227337028493855436528124783   01619 5042375362643643867645343968119 38212266292 884240847752346501481771469 63429734775335257016771 45419568018235531115678
22776365291975914809 897 1922355180865492244166729233266145032471619   0119415812999285026845904342772861247 42151651083 8204250113037497596 3051076137440761904426459301341 3657523 91023174798
34477279399283185602 3181053352029807163312925793682414724874404 5041194   02194353739923612642142158006 222 7956074 604196447352046474281441086 16525354683300153666650 51115178010199129605537
22845130218361463423194417032691196150341067 72015042014 9962925237515812194   0144024801564435420445839209217153936189218382690 6662718605913842156201625491496355744811941165059711093 7913363
296740612216480622303317312535022838362612571605 7391351199031693626299935371440   02794139929211082449934063135294332413135125719602194463228093522313911552190327831573202303345362372 7202098
 7404050 669572130833689301812001125509216461796211517731606 47043642850399224802794   014204804219354513999323529743781225136272103152262102926388917463158106414964239398925646306203623523252
17173702 8424993219933292849228217354102 5211076 713 62312631790386726843612156413991420   03642 92846973550297525013328245222761590117252072616354722191857109620693366344125505227182310912251
530028924154233718786217603558665360 9383863438730963099473049896453590464214354292148043642   0274620676270604825986128594117124822341117495720641358151879471243031301604359041646520335981703
260331391540419714233954358231712646322712221804 557 44420902477439634274215204410822193 9282746   03891411536611963391233041475230111934321330641673116 996200023052538395833454331261613031406
609818804892 336251077647439662363001148507756644384409259305473811972868006583944995451469720673891   07882750725447701712934746161396514087155797368593376573444151392768872021815647150582592
34787194396481935496 3751122358130137022305625203579406524604417 3821247 2222092340639993550627041157882   0 8575996 530204145882005469079971100 32926034553299553516532 30215877855199328495427
26756659327278155053 500 2932754220767302510193731423538177836391226 421 7951715313532352975604836617507 857   05456 72012094374139240717756 377 68217724245226646326150 976 7557661125624825021
3651123824692798 91757975331415139082458297235552478194937292966629251656074393629432974250125981963254459965456   05777485525784068152835125095601245012126341619321533585550093724429232291263
32746981373780125297 417 985340428136861283622963377384922344201 8841083 6041892324137813328612839127701 530 7205777   018364397173144177804 848 54123834335272350776300 51313817676172626105188
159960342463742746331681 9461589114064972113159228663057122226052408 820196418383135225124525941330471292041120948551836   0435711973375758010461839 60840911465371357942138 4547556 79024234669
3973347729793779168845324375453439352493235428091613188831793921477542504735269012573627227617121475347445884374257843974357   0319925373435405247274309 560327036302216436042773313360119581445
17605273197564673686175512872099137754391127 55218022154 5022545234611302046 666196021031590482223016161200513924068173111973199   0270665021037197513632984106933704810194110926447 44112553677
21662688 9714241161144523919268724083618167522041503 8622304162250143749474227182194152211723411119339654690407115284417337525372706   047323716466730052010193611442749458835624849286621591817
6785316155911451314079377733733969061127549060424735462363656316817775968144605946326210520717494321140879977756351278047580343565024732   0742081327404354862805403203677657574 484686052903083
24016300293174634697 784 3552535193863892151157927893179143033391469 305108613842809292626165720330671551100 3775095 84810464052103737167420   0 992156839081936430257991140 6107337 92521434670
33327217390182835556 230 931339528647142306425073635408623984295 6341076 1652156352238893547641341677973 329 6826012 54118394727197546678132 992   024114659290552716615 59413958006189429245499
10545655205771504374224715141015 629630419841572274528131152206629731374253520163139174622195815311668592603177245012383 608430913633005740415682411   03981115432175549268110167414 97824484446
355431172503368712734456421441203560251620222539125514042884343047754076468325491155315818571879 996337645534245212643354091 560298420103548390846593981   0290031002043434740603497335517741066
 8474594104660273246270020761346 6915177 954 82216771685 569150633521904300114962190106410964712200057342995226634162723146532701069193662801936290511542900   023924421296416716302103715803318
2203277914074647243850654435256425984328252929362564194728931264570142645366355732781496206943032305441553514632193250773713363033701144540343025271321731002392   03411530140055598340731382724
484616253640170111926407608253895012 9583728431230262762458843216771593066504481315742393366130125381392653261501533630057942216481027492036579966155549204344213411   0633858522225512337001236
35077053390679995328 5651242365530506808294224303420393324164416 4541341 5111941320239893441604339587688 302 9765855 513213843601941458877651140 59426814347296453016338   016867618198726775246
195662032692750547121230 4962001148865112147158228683147129129451956 365151716503033256425505904334572021587 75550091381 4544277109235627574 6101395101640601671400558521686   07530 76123344726
6849349456721885325278167654741069411277547460064710466163456441801875238010597145366306522716464331181578557661372476767556331364474849 484733780067414349763025598222576187530   0682552203161
15645491204267743981168910811812112757901417 85821472417 57024582355 910199110932372203618235203261664711993125642921726 7903601 44128666860 9251894 97833551037340751231987 7616825   016613992
2393441218785368266227152451289822034258 726 915 769136513042771311123172960 791 7202352109135981303505828492482322926102423195812552159529021432924244817741580313837002677233452201661   02591
3805215726182899 362528849504362393019702596317918961653346034065678479855373363209832522251170314062592542750211263518846691445367718173083467054994446106633182724123652464726316139922591   0

   0475412286392368031452443 573 483567117411630240722221323102638592279343623042975 73517225304260860883484267036453130160239901774216667902393332110423671 85122654848350519786859155824003770
4754   03613204318676994653251995050234641784751367631484942395474916361726251444063403937012890313818647194664812266831603134885281268231606286720056373228459228351621704562193498547944132116
12283613   0519124803692309917511463447812111545153611231533 97243232923398322052226 666 8494160154748843972326924653595246829981991 97355982925389220472622105214713644390627165684203818872585
639220435191   0282580827759689166041422539759754721440262615734844676028316617548235725500723504211 3358208781928017877743938056490425014657464828171473813604047181712800675361904677753842873
3680186724802825   053444974420938432028260031821962160034593200577448135593344522403080220618841430250255045050 913515546381707370216133147469155474364139232522502119653284736326439772671 329
31456994369280825344   0 766321326846940285322863440386922054092 747 896 3041961332236813331621839567751 378 4925788 27016814546176644497939 773 21622324570270151246406 56012497823168027195250
24436532309977594974 766   02481197566932411182430933429164034071498 192104017213131301128526037358574271126 2865323 839 9474390129939177736 345 918150043292078449560821238 5167662107324564913
 573519917516891420932132481   0 7286210225920672949277317101316394823423494269634951180227258553161659835722734413032451577453620982672732925123369 9884222133526115376363820087405179128904312
 483505014636604384326841975 728   05803162713662366230910001470339918142973198528501124174453682655629430232206390626731147395613952412691519342857 6213681 69926645018305215146955112522143899
567123464478142220286940669362105803   04415496836823517530252007237655171525054363450874107 94232321138702867252452671765002510545336181132638171316292263351814390 960680665331287578442651935
1741417812115397260028532411225916274415   0 614 8071052 9182064338122473119108812661642 5273868122850683063250629672693211723721142167654962144305419732140 959259237312941217054851412 7342562
1630475115455975318222861824206713664968 614   013391634 4402231285116612560 732160517831073438318015646251819243541214415872818 558219660391563248815522648 81829904306242015966008 844 9143136
2407367615364721196234403093294923663682 8071339   0 677168524783876293636821535 7582121 7293111 573438535963148248332442880164118271514475127923635274413831692263730393429290147312152 7871872
222231481123440216003869342927732309351710521634 677   018842046437332664134203213571766 6263101 44740804069353119413703305819032166 86046263169407327991519168720072762392931674669240913701616
1323494215336261345922051640171010005302 918 44016851884   020572835146524891029201116141281474721085933247917863736210312383209 529231763831435240011533014 58629684603242713266368 57713243438
10263954 972573432004092340713161470520020642231247820462057   047833239438329353167 45517854983247254534413362429504047259839282549161263113321427420443537150013164313440429576441244227683361
38597491432384465774 7471498394833997237338128513876437328354783   01623 4952397363643613874645944038111 39012236288 742241347942362501681841463 62529634894335857656775 45419808030235131205645
22796361292376024813 896 1922342181465512247166129363266146532391623   0118015983004284226865905342972731250 4135156 936 8204264114137467598 2941062135941901905432359291336 3847530 90123214760
34367262398383165593 3041040349429737152311925603682413424894383 4951180   02202353339753605641342087984 216 7786056 448195547402048473081371066 14225114788299354166640 49715278008197329555490
23045144220561753445196117212696198550541088 7321535203210292935239715982202   0145624831577436620575837210617183938175618492715 6882726607213842153201226741508362744911947168059891095 8063336
297540632226482322403322313134952850363412661605 7581357201131673636300435331456   02790140529261088449034133131293830983139127519752195463828023512312812732195334131603201305645472367 7282064
 7354039 666572530803681301111801124508716421783212117661614 45543612842397524832790   014174800219054333997322229603629224636362109151462072910387017263267106015504233397925786308202223513209
17223701 8495007220633312852227217444107 5271073 729 62612811785387426863605157714051417   03644 93146853554296824933182245322911602117052102606353422051972109821293366343725705235181510962214
530428904160235018846218603758555368 9423868438331113101474749836459590564134366292648003644   0274820546273604025895981594117264833340817515709639958001993471343621300603859231653519436021665
260831381547421114303956358531612655323212281801 573 44721082472440334294208205710882190 9312748   038804120365519563767330614912314119243253297415531031112200323662539395533664340260913091370
608818644884 335250277517427659862941138506856464385408059335453811172737984583744905433468520543880   07877749125277546712134806164395414027136795168363482572744661383767572131814645450542546
34847194397282085504 3781126357230237028306325183596406924794413 3901250 2162106341339973554627341207877   0 8515989 385204346042018468980011091 31725904669299854126533 29916087864198628555391
26706648326978195050 492 2862734220667252506192431483531178636241223 413 7781718313132222968604036557491 851   05441 56712034382139740627752 360 66217514353226146856143 965 7687662124124804977
3645122624652801 91357885323413039062452296735412483194137362950628851566056393829382960249325891956252759895441   05624484925864073151935085078599244802234341119851526584450223725427732271219
31306831359578775155 270 839324526736717269321443244370321034047 742 936 4481756309836293182598137677546 385 5675624   017384313164443167708 739 42922704351262650386201 41013027585161925165052
160260312468743946381681 9471577114765002117158728803058123825982413 820195518493139224624535941330671212043120348491738   0437112083372758210351825 59342051466377257932133 4737563 78124274631
3990348829983805170745464390453639562510237228181641190332093928479442644740271512753636229117261491348046044382258643134371   0322025443447405147234304 684328136992225436543063330360219721417
17745281199164903702176612992098139554531142 55818272166 5292549236211412048 688197521091602483323146164201813974073164412083220   0271065111033196813553105107734364816194311186461 43912663646
21662682 9734250161344493917267224123618167621961514 8602317161250163746473027262195151411703408119239544689406215194316337225442710   047323703465129882122193512012746458135794854285521611777
6790316055981465314779397736732969151132549660394751462663836311818475988137607246386207521017514325140280017752350877087582344765114732   0741081197390366362825463203677617594 492685252953046
23936286292574644691 773 3452512193463812144156327923169143533211463 294106613842802291026065709329771361091 3605078 73910354051103337037410   0 970154540141929435357901127 6217336 90821394624
33217200389282815547 216 918336928577131305424883635407324004274 6251062 1422153351238703534639941557951 317 6625992 42918254723196846518119 970   023874764289753216605 58014058004187629195452
1042563720477147436422321500 988 621629219731552274427991153204429631359251120123128172622055800310368362590175144802270 593430413552988739015452387   04085114532665538266610257411 95924424398
3671322826223813139245704329422236812633214026481383151930143537489441904788267412733267197219931112348246694353223443514205 684310521223663401447644085   0297732352118441841553580342218541104
 8514592105260403252270120781335 6995181 959 81816921687 586150033581905299315082195106010984713200357272998226134112626146632811077193562821929289711452977   024524421296016916310102915853281
2265283514714718250251244495261126644390259229902637200729681316576543235416362733411550212943622366446654124685198550383772369934361201546343535321326632352452   03449533540635644343731812725
484816213644171211966406608253765018 9603731430630392762460343136775592966404491316042333366130025391383653361431526620157932225481627462036579066055538211844213449   0633258702231511337031197
35057045390680065328 5601238363830526806294124203429392924274404 4541336 4971947320139793437603839557675 299 9655844 410213343651943458177611127 58026664418296053356332   017017621197426775204
197862192716753647361249 5162008151465332170159629013167132629571980 384152716803056257825705923336672131608 76850221302 4734306111835797594 6211405102541551691406358701701   07549 76423504700
6859349856841904326478237662740569551287548560084731466963686441803075308008598945476308523516534340181478647662372575857563333064614854 492733680047411358063105644223176217549   0682152293128
15585479203867773977168010731791112557841412 84421522409 57724422351 901197310952367202218155194260964541986124142771619 7813602 43928556852 9081876 95934221029343751131974 7646821   016593948
2400441318875384267127192456289022144265 734 914 787137013242768312023212955 806 7282351109636021309505428552480322725162427197212662161529521392919244218541585318137032677235052291659   02556
3770211625852873 329525049134312389919352562313618721616343833615645476054903336206432092214166513702546539149771219505246311417364617773046462454524398110432812725119752044700312839482556   0

   0473512356391367531422428 590 493567117311623239122281300101538442293342722782987 73017195306261161063473268136363127158439771777221467852406333110563540 83622214835350419696848155423983787
4735   03610203218526981650752065050233641584734365031444909393374666365724351084065402436882882313118727173664912076818600334655274272031456289720056413087456727811598703462003477546544012123
12353610   0519824833697309217761481448612091546152811371518 96943162945398221872246 669 8544170155849103969328824643600245829932002102956012946391020692499104514353639391327155681204218932610
639120325198   0282380827747691166171425539059714708441162415726843476198310615248385723500723554217 3568200783327957877742437956496430114637480829471643685602846771702800875301896677653852893
3675185224832823   053414959422638532028259031751946160634363189575948275584341922523075220318861433252054935061 904515246201694370516613142470455574378126132372458118353274727325339732669 346
31426981369780825341   0 752323126956941284422803425387621834082 733 911 2961936333536773329622139607770 368 5045780 26816644534177044987935 787 22722474440268750816394 56012417813167727185268
24286507309277474959 752   02491197866862394181030703428161033891476 199102416883136299928426032358174381108 2905307 829 9224370129539587724 351 921150741912056444460621230 5007644106224474923
 590520617766911422632312491   0 753622522642075294827941702132039482371350026853522119022845872317966313576276041363257157445382116273573392540339410174106133525825378365220147409180229034344
 493505014816617385326951978 753   058131627136923602325 9871469339418382974196928721129175153802668632230222227390726801139395314082470692019572877 6453560 69426305015306115156954113122223926
567123364486142520286941668662255813   04408496436693526528251927225656871465031364950854107 94732381159702067392446671764852500545936691130639771446309250551694349 950680865271279578342661955
1731415812095390259028442394226416274408   0 604 7881055 8922050336322583107105912751634 5213867122850833049251429552687209623561142172154882154306119842006 941254537152937215854711405 7292576
1623473415465971317522801810207513694964 604   013221639 4162219283516742550 705161617771069438418035663250619343531214015682804 560224360331575249715652516 80229454292241815865996 839 9113152
2391365015284708194634253070294823603669 7881322   0 675165424593853294236651501 7622108 7183105 568439535773151246632332854162018221554473827973637275012441669258530183420288447122140 7771881
222831441137441116063876342827942325352610551639 675   018682042436532874132201313761768 6303110 45741054065354919393707304718972176 91546283189409028201395167919702756393531654665241213751640
13004909151862413436218316101702 9875282 892 41616541868   02034280814672468 991201115971266473720995939245617853715208812083184 520235363661436239811552871 55929124578241413056345 56113103443
10153933 969572631894082338913201469519220502219245920422034   047643249437029053175 44617784981247154674398363129374040257639112548165663023330428020543402148112684296439929446426243427623374
38447466431684345759 7331476394833947225336328353853436528084764   01630 4792364364143493864645443998122 37212276272 732238847742358505781721469 62829704756333657146755 44619648012234031115655
22936365294576194827 911 1992371183865682258167429423287146732491630   0118315843028284926955919344473031251 4365159 945 8144263115638067605 3191084138540711902429159281347 3877531 90923314789
34277243398283105584 2961024350029747146310725503665413224684370 4791183   02173354239673599641242087999 202 7866044 442193447242048477581291076 14925224654297553696624 49315157994196629505504
22785108218761523419193616882685196950311059 70515012013 9912905236415842173   0145424641560435420465841208117153915173918172688 6772760605313832149201225291479356944641932165759641077 7903339
298740652246483822523335313635222872364912751616 7621376201131753641302835421454   02796141329391102451934133153294031063132127319892254464428263533315311532191330831583211305845472374 7372092
 7304024 669572330753677299911901129508516341777210817681597 44643492849396724642796   014144802219354513986323329513626222836232112156262022923388017403136104515064220397825696297201823493226
17193688 8545007220333292842228417514107 5211069 718 63012661778386426953599156014131414   03648 93647053545298124863181243722801607122052072621354622211843108520873355343825635226181310962233
530628824170235518866221603258725380 9473867438431053110473749816454591964124354293948023648   0275620776267605625855983592817184841346117515727641458191867470343231292604259191647519536051687
261131311558421714333960358131792668323812281803 568 45720992471439934444208204611022193 9362756   03903411436711952376932931483232212454325331541703122 986199323272531395933624334261013121392
610618724910 356252077707438663163221159508356634395410559395467812273037999584145195451470520773903   07881751725337558711834826182401714127164797668653366572744371385768972191818646550672578
34737173396982005493 3681108357630227020304925063577406524564398 3721251 2022081341339863545626741147881   0 8585976 378202145872017473379921100 32326004534297953646516 29415957849197828495404
26816649328878335061 504 2902760222767392514193431513549178536311227 436 7861715315332332981605636717517 858   05443 57511964380141141217758 384 68317764233225746526141 975 7707662124824895005
3636120724642795 90457805307413639072446295535312466193937152937627251596044391529402951248625851952253359765443   05618482825704073156435005088599944912100339319381510584050103711427032221233
31276818360078775152 268 829325726806717268721403233370720884040 732 945 4421739310636263181598337697558 378 5755618   017214301164843657704 753 44022854221261249956189 41012947575161625155070
158460032458742446201664 9221574113964852096156828543047120825762388 814193418173132222824375928329371182021119648281721   0435012033412756910401827 59940661443372057722124 4567544 76924174640
3977346529933795169445344370453839532500235628041620189731843911477442634724268812733623228017181483348245874380257043014350   0321725863436405847274312 547326036492206435842913313359219641428
17775274200264963705177012952116140854591142 56018222176 5202548235811562048 677198921121607484123226182201714114073164812033217   0276365111051198313742979106733974808194711146455 44012693668
2214272010294301166144983958273524703669172122431554 9152353165650573806477527602254156212203461124540174733412115644365341225862763   047623751469630372026195511922768461536054878288621941829
6785314556011463314279357724733969201130548860334738462863666302817276058129605346446202520717514325141279927758350077047569343665114762   0742381297404353262675419202377607585 481684852933063
24066289294674804704 787 3512540195763972154157527973189143633301469 319107613832826292326215727331571641100 3845088 75310404058105137517423   0 992157138951926432157891138 6247337 91621494653
33317200391082945557 227 921339428777144306124973637409023984280 6281084 1492149353338803546641441707976 323 6835999 44018274727198346968129 992   024114643289252876602 58914068003188229275479
10565641206971644378224715071017 645630919841565275028201155205429701385252220123153174022215819312268652600177644912285 599431213743037740415712411   03967114332355538267810297413 96824534428
354030872499368512614440419141063560250520062516124413952871340247564071465425291153313618431867 986336645344233210042214066 547297920263532389546433967   0287831072021433340623485333417681037
 8364567104560283237268720561335 6945169 941 80216691679 559148133361902297514792191104510854703199357272979225733932612144332601067195562671926289211432878   024014401295216756292101815763291
2221278114354677245850814444258226304349254529452585197029121268571442915369356933081506208743232327443753644652193849953720364933971192541943215287323531072401   03410530840285607340731532716
483515983639170211836394606253785015 9503715429230182756457842966755592866244464315842203355129225311385651661411510618957722206480827682023578966025538202144013410   0632658562215510436961209
35047034391380085327 5601230365230616808293724183420393524144399 4461347 4931932321139783438604239597689 294 9755840 410212443581947461577601138 58926784333295253086326   016957613197326785224
196962002715753047271241 5002014151565272158158628843165130529441964 387151516573058256925635919336272191595 77050101294 4564291111436057585 6241406102940621675402858561695   07536 75823464715
6848347756811896325378137644740969541279547159964712466563456426801275317994596445476297522616474334181878497662371175757544331364554878 481733780037413348562925607221576137536   0681352233141
15545465204267763973167710621802113157831405 83921402412 56124342340 909196610772374201818135195261064651978124842701616 7693592 44028866848 9161882 96833341018340751041973 7586813   016583966
2398440118935385266927182447290322224266 729 911 777137513102762311123312950 790 7372349109636051312506728492489322225152417196412692194529321492927245317681576315336962678234652231658   02575
3787212326102893 346526849234344392619552576315218811640344333745655478955043339209232262233168713922578540450051233507046401428366818293063465354794428103732912716120952244715314139662575   0

   0  44  42  38  46  48  36  46  36  44  36  44  40  46  46  34  36  42  48  36  46  42  42  48  38  40  34  42  38  36  38  38  40  34  38  44  36  36  36  38  36  44  48  40  38  44  38  46
  52   0  54  50  58  60  48  58  48  56  48  56  52  58  58  46  48  54  60  48  58  54  54  60  50  52  46  54  50  48  50  50  52  46  50  56  48  48  48  50  48  56  60  52  50  56  50  58
  46  50   0  44  52  54  42  52  42  50  42  50  46  52  52  40  42  48  54  42  52  48  48  54  44  46  40  48  44  42  44  44  46  40  44  50  42  42  42  44  42  50  54  46  44  50  44  52
  34  38  36   0  40  42  30  40  30  38  30  38  34  40  40  28  30  36  42  30  40  36  36  42  32  34  28  36  32  30  32  32  34  28  32  38  30  30  30  32  30  38  42  34  32  38  32  40
  58  62  60  56   0  66  54  64  54  62  54  62  58  64  64  52  54  60  66  54  64  60  60  66  56  58  52  60  56  54  56  56  58  52  56  62  54  54  54  56  54  62  66  58  56  62  56  64
  64  68  66  62  70   0  60  70  60  68  60  68  64  70  70  58  60  66  72  60  70  66  66  72  62  64  58  66  62  60  62  62  64  58  62  68  60  60  60  62  60  68  72  64  62  68  62  70
  28  32  30  26  34  36   0  34  24  32  24  32  28  34  34  22  24  30  36  24  34  30  30  36  26  28  22  30  26  24  26  26  28  22  26  32  24  24  24  26  24  32  36  28  26  32  26  34
  58  62  60  56  64  66  54   0  54  62  54  62  58  64  64  52  54  60  66  54  64  60  60  66  56  58  52  60  56  54  56  56  58  52  56  62  54  54  54  56  54  62  66  58  56  62  56  64
  28  32  30  26  34  36  24  34   0  32  24  32  28  34  34  22  24  30  36  24  34  30  30  36  26  28  22  30  26  24  26  26  28  22  26  32  24  24  24  26  24  32  36  28  26  32  26  34
  52  56  54  50  58  60  48  58  48   0  48  56  52  58  58  46  48  54  60  48  58  54  54  60  50  52  46  54  50  48  50  50  52  46  50  56  48  48  48  50  48  56  60  52  50  56  50  58
  28  32  30  26  34  36  24  34  24  32   0  32  28  34  34  22  24  30  36  24  34  30  30  36  26  28  22  30  26  24  26  26  28  22  26  32  24  24  24  26  24  32  36  28  26  32  26  34
  52  56  54  50  58  60  48  58  48  56  48   0  52  58  58  46  48  54  60  48  58  54  54  60  50  52  46  54  50  48  50  50  52  46  50  56  48  48  48  50  48  56  60  52  50  56  50  58
  40  44  42  38  46  48  36  46  36  44  36  44   0  46  46  34  36  42  48  36  46  42  42  48  38  40  34  42  38  36  38  38  40  34  38  44  36  36  36  38  36  44  48  40  38  44  38  46
  58  62  60  56  64  66  54  64  54  62  54  62  58   0  64  52  54  60  66  54  64  60  60  66  56  58  52  60  56  54  56  56  58  52  56  62  54  54  54  56  54  62  66  58  56  62  56  64
  58  62  60  56  64  66  54  64  54  62  54  62  58  64   0  52  54  60  66  54  64  60  60  66  56  58  52  60  56  54  56  56  58  52  56  62  54  54  54  56  54  62  66  58  56  62  56  64
  22  26  24  20  28  30  18  28  18  26  18  26  22  28  28   0  18  24  30  18  28  24  24  30  20  22  16  24  20  18  20  20  22  16  20  26  18  18  18  20  18  26  30  22  20  26  20  28
  28  32  30  26  34  36  24  34  24  32  24  32  28  34  34  22   0  30  36  24  34  30  30  36  26  28  22  30  26  24  26  26  28  22  26  32  24  24  24  26  24  32  36  28  26  32  26  34
  46  50  48  44  52  54  42  52  42  50  42  50  46  52  52  40  42   0  54  42  52  48  48  54  44  46  40  48  44  42  44  44  46  40  44  50  42  42  42  44  42  50  54  46  44  50  44  52
  64  68  66  62  70  72  60  70  60  68  60  68  64  70  70  58  60  66   0  60  70  66  66  72  62  64  58  66  62  60  62  62  64  58  62  68  60  60  60  62  60  68  72  64  62  68  62  70
  28  32  30  26  34  36  24  34  24  32  24  32  28  34  34  22  24  30  36   0  34  30  30  36  26  28  22  30  26  24  26  26  28  22  26  32  24  24  24  26  24  32  36  28  26  32  26  34
  58  62  60  56  64  66  54  64  54  62  54  62  58  64  64  52  54  60  66  54   0  60  60  66  56  58  52  60  56  54  56  56  58  52  56  62  54  54  54  56  54  62  66  58  56  62  56  64
  46  50  48  44  52  54  42  52  42  50  42  50  46  52  52  40  42  48  54  42  52   0  48  54  44  46  40  48  44  42  44  44  46  40  44  50  42  42  42  44  42  50  54  46  44  50  44  52
  46  50  48  44  52  54  42  52  42  50  42  50  46  52  52  40  42  48  54  42  52  48   0  54  44  46  40  48  44  42  44  44  46  40  44  50  42  42  42  44  42  50  54  46  44  50  44  52
  64  68  66  62  70  72  60  70  60  68  60  68  64  70  70  58  60  66  72  60  70  66  66   0  62  64  58  66  62  60  62  62  64  58  62  68  60  60  60  62  60  68  72  64  62  68  62  70
  34  38  36  32  40  42  30  40  30  38  30  38  34  40  40  28  30  36  42  30  40  36  36  42   0  34  28  36  32  30  32  32  34  28  32  38  30  30  30  32  30  38  42  34  32  38  32  40
  40  44  42  38  46  48  36  46  36  44  36  44  40  46  46  34  36  42  48  36  46  42  42  48  38   0  34  42  38  36  38  38  40  34  38  44  36  36  36  38  36  44  48  40  38  44  38  46
  22  26  24  20  28  30  18  28  18  26  18  26  22  28  28  16  18  24  30  18  28  24  24  30  20  22   0  24  20  18  20  20  22  16  20  26  18  18  18  20  18  26  30  22  20  26  20  28
  46  50  48  44  52  54  42  52  42  50  42  50  46  52  52  40  42  48  54  42  52  48  48  54  44  46  40   0  44  42  44  44  46  40  44  50  42  42  42  44  42  50  54  46  44  50  44  52
  34  38  36  32  40  42  30  40  30  38  30  38  34  40  40  28  30  36  42  30  40  36  36  42  32  34  28  36   0  30  32  32  34  28  32  38  30  30  30  32  30  38  42  34  32  38  32  40
  28  32  30  26  34  36  24  34  24  32  24  32  28  34  34  22  24  30  36  24  34  30  30  36  26  28  22  30  26   0  26  26  28  22  26  32  24  24  24  26  24  32  36  28  26  32  26  34
  34  38  36  32  40  42  30  40  30  38  30  38  34  40  40  28  30  36  42  30  40  36  36  42  32  34  28  36  32  30   0  32  34  28  32  38  30  30  30  32  30  38  42  34  32  38  32  40
  34  38  36  32  40  42  30  40  30  38  30  38  34  40  40  28  30  36  42  30  40  36  36  42  32  34  28  36  32  30  32   0  34  28  32  38  30  30  30  32  30  38  42  34  32  38  32  40
  40  44  42  38  46  48  36  46  36  44  36  44  40  46  46  34  36  42  48  36  46  42  42  48  38  40  34  42  38  36  38  38   0  34  38  44  36  36  36  38  36  44  48  40  38  44  38  46
  22  26  24  20  28  30  18  28  18  26  18  26  22  28  28  16  18  24  30  18  28  24  24  30  20  22  16  24  20  18  20  20  22   0  20  26  18  18  18  20  18  26  30  22  20  26  20  28
  34  38  36  32  40  42  30  40  30  38  30  38  34  40  40  28  30  36  42  30  40  36  36  42  32  34  28  36  32  30  32  32  34  28   0  38  30  30  30  32  30  38  42  34  32  38  32  40
  52  56  54  50  58  60  48  58  48  56  48  56  52  58  58  46  48  54  60  48  58  54  54  60  50  52  46  54  50  48  50  50  52  46  50   0  48  48  48  50  48  56  60  52  50  56  50  58
  28  32  30  26  34  36  24  34  24  32  24  32  28  34  34  22  24  30  36  24  34  30  30  36  26  28  22  30  26  24  26  26  28  22  26  32   0  24  24  26  24  32  36  28  26  32  26  34
  28  32  30  26  34  36  24  34  24  32  24  32  28  34  34  22  24  30  36  24  34  30  30  36  26  28  22  30  26  24  26  26  28  22  26  32  24   0  24  26  24  32  36  28  26  32  26  34
  28  32  30  26  34  36  24  34  24  32  24  32  28  34  34  22  24  30  36  24  34  30  30  36  26  28  22  30  26  24  26  26  28  22  26  32  24  24   0  26  24  32  36  28  26  32  26  34
  34  38  36  32  40  42  30  40  30  38  30  38  34  40  40  28  30  36  42  30  40  36  36  42  32  34  28  36  32  30  32  32  34  28  32  38  30  30  30   0  30  38  42  34  32  38  32  40
  28  32  30  26  34  36  24  34  24  32  24  32  28  34  34  22  24  30  36  24  34  30  30  36  26  28  22  30  26  24  26  26  28  22  26  32  24  24  24  26   0  32  36  28  26  32  26  34
  52  56  54  50  58  60  48  58  48  56  48  56  52  58  58  46  48  54  60  48  58  54  54  60  50  52  46  54  50  48  50  50  52  46  50  56  48  48  48  50  48   0  60  52  50  56  50  58
  64  68  66  62  70  72  60  70  60  68  60  68  64  70  70  58  60  66  72  60  70  66  66  72  62  64  58  66  62  60  62  62  64  58  62  68  60  60  60  62  60  68   0  64  62  68  62  70
  40  44  42  38  46  48  36  46  36  44  36  44  40  46  46  34  36  42  48  36  46  42  42  48  38  40  34  42  38  36  38  38  40  34  38  44  36  36  36  38  36  44  48   0  38  44  38  46
  34  38  36  32  40  42  30  40  30  38  30  38  34  40  40  28  30  36  42  30  40  36  36  42  32  34  28  36  32  30  32  32  34  28  32  38  30  30  30  32  30  38  42  34   0  38  32  40
  52  56  54  50  58  60  48  58  48  56  48  56  52  58  58  46  48  54  60  48  58  54  54  60  50  52  46  54  50  48  50  50  52  46  50  56  48  48  48  50  48  56  60  52  50   0  50  58
  34  38  36  32  40  42  30  40  30  38  30  38  34  40  40  28  30  36  42  30  40  36  36  42  32  34  28  36  32  30  32  32  34  28  32  38  30  30  30  32  30  38  42  34  32  38   0  40
  58  62  60  56  64  66  54  64  54  62  54  62  58  64  64  52  54  60  66  54  64  60  60  66  56  58  52  60  56  54  56  56  58  52  56  62  54  54  54  56  54  62  66  58  56  62  56   0

   0  62  54  66  54  64  60  64  62  60  58  58  54  60  54  62  54  62  54  60  54  60  54  54  54  60  54  66  60  58  56  64  60  62  62  58  60  58  66  60  62  64  52  52  66  60  58  54
  58   0  48  60  48  58  54  58  56  54  52  52  48  54  48  56  48  56  48  54  48  54  48  48  48  54  48  60  54  52  50  58  54  56  56  52  54  52  60  54  56  58  46  46  60  54  52  48
  34  32   0  36  24  34  30  34  32  30  28  28  24  30  24  32  24  32  24  30  24  30  24  24  24  30  24  36  30  28  26  34  30  32  32  28  30  28  36  30  32  34  22  22  36  30  28  24
  70  68  60   0  60  70  66  70  68  66  64  64  60  66  60  68  60  68  60  66  60  66  60  60  60  66  60  72  66  64  62  70  66  68  68  64  66  64  72  66  68  70  58  58  72  66  64  60
  34  32  24  36   0  34  30  34  32  30  28  28  24  30  24  32  24  32  24  30  24  30  24  24  24  30  24  36  30  28  26  34  30  32  32  28  30  28  36  30  32  34  22  22  36  30  28  24
  64  62  54  66  54   0  60  64  62  60  58  58  54  60  54  62  54  62  54  60  54  60  54  54  54  60  54  66  60  58  56  64  60  62  62  58  60  58  66  60  62  64  52  52  66  60  58  54
  52  50  42  54  42  52   0  52  50  48  46  46  42  48  42  50  42  50  42  48  42  48  42  42  42  48  42  54  48  46  44  52  48  50  50  46  48  46  54  48  50  52  40  40  54  48  46  42
  64  62  54  66  54  64  60   0  62  60  58  58  54  60  54  62  54  62  54  60  54  60  54  54  54  60  54  66  60  58  56  64  60  62  62  58  60  58  66  60  62  64  52  52  66  60  58  54
  58  56  48  60  48  58  54  58   0  54  52  52  48  54  48  56  48  56  48  54  48  54  48  48  48  54  48  60  54  52  50  58  54  56  56  52  54  52  60  54  56  58  46  46  60  54  52  48
  52  50  42  54  42  52  48  52  50   0  46  46  42  48  42  50  42  50  42  48  42  48  42  42  42  48  42  54  48  46  44  52  48  50  50  46  48  46  54  48  50  52  40  40  54  48  46  42
  46  44  36  48  36  46  42  46  44  42   0  40  36  42  36  44  36  44  36  42  36  42  36  36  36  42  36  48  42  40  38  46  42  44  44  40  42  40  48  42  44  46  34  34  48  42  40  36
  46  44  36  48  36  46  42  46  44  42  40   0  36  42  36  44  36  44  36  42  36  42  36  36  36  42  36  48  42  40  38  46  42  44  44  40  42  40  48  42  44  46  34  34  48  42  40  36
  34  32  24  36  24  34  30  34  32  30  28  28   0  30  24  32  24  32  24  30  24  30  24  24  24  30  24  36  30  28  26  34  30  32  32  28  30  28  36  30  32  34  22  22  36  30  28  24
  52  50  42  54  42  52  48  52  50  48  46  46  42   0  42  50  42  50  42  48  42  48  42  42  42  48  42  54  48  46  44  52  48  50  50  46  48  46  54  48  50  52  40  40  54  48  46  42
  34  32  24  36  24  34  30  34  32  30  28  28  24  30   0  32  24  32  24  30  24  30  24  24  24  30  24  36  30  28  26  34  30  32  32  28  30  28  36  30  32  34  22  22  36  30  28  24
  58  56  48  60  48  58  54  58  56  54  52  52  48  54  48   0  48  56  48  54  48  54  48  48  48  54  48  60  54  52  50  58  54  56  56  52  54  52  60  54  56  58  46  46  60  54  52  48
  34  32  24  36  24  34  30  34  32  30  28  28  24  30  24  32   0  32  24  30  24  30  24  24  24  30  24  36  30  28  26  34  30  32  32  28  30  28  36  30  32  34  22  22  36  30  28  24
  58  56  48  60  48  58  54  58  56  54  52  52  48  54  48  56  48   0  48  54  48  54  48  48  48  54  48  60  54  52  50  58  54  56  56  52  54  52  60  54  56  58  46  46  60  54  52  48
  34  32  24  36  24  34  30  34  32  30  28  28  24  30  24  32  24  32   0  30  24  30  24  24  24  30  24  36  30  28  26  34  30  32  32  28  30  28  36  30  32  34  22  22  36  30  28  24
  52  50  42  54  42  52  48  52  50  48  46  46  42  48  42  50  42  50  42   0  42  48  42  42  42  48  42  54  48  46  44  52  48  50  50  46  48  46  54  48  50  52  40  40  54  48  46  42
  34  32  24  36  24  34  30  34  32  30  28  28  24  30  24  32  24  32  24  30   0  30  24  24  24  30  24  36  30  28  26  34  30  32  32  28  30  28  36  30  32  34  22  22  36  30  28  24
  52  50  42  54  42  52  48  52  50  48  46  46  42  48  42  50  42  50  42  48  42   0  42  42  42  48  42  54  48  46  44  52  48  50  50  46  48  46  54  48  50  52  40  40  54  48  46  42
  34  32  24  36  24  34  30  34  32  30  28  28  24  30  24  32  24  32  24  30  24  30   0  24  24  30  24  36  30  28  26  34  30  32  32  28  30  28  36  30  32  34  22  22  36  30  28  24
  34  32  24  36  24  34  30  34  32  30  28  28  24  30  24  32  24  32  24  30  24  30  24   0  24  30  24  36  30  28  26  34  30  32  32  28  30  28  36  30  32  34  22  22  36  30  28  24
  34  32  24  36  24  34  30  34  32  30  28  28  24  30  24  32  24  32  24  30  24  30  24  24   0  30  24  36  30  28  26  34  30  32  32  28  30  28  36  30  32  34  22  22  36  30  28  24
  52  50  42  54  42  52  48  52  50  48  46  46  42  48  42  50  42  50  42  48  42  48  42  42  42   0  42  54  48  46  44  52  48  50  50  46  48  46  54  48  50  52  40  40  54  48  46  42
  34  32  24  36  24  34  30  34  32  30  28  28  24  30  24  32  24  32  24  30  24  30  24  24  24  30   0  36  30  28  26  34  30  32  32  28  30  28  36  30  32  34  22  22  36  30  28  24
  70  68  60  72  60  70  66  70  68  66  64  64  60  66  60  68  60  68  60  66  60  66  60  60  60  66  60   0  66  64  62  70  66  68  68  64  66  64  72  66  68  70  58  58  72  66  64  60
  52  50  42  54  42  52  48  52  50  48  46  46  42  48  42  50  42  50  42  48  42  48  42  42  42  48  42  54   0  46  44  52  48  50  50  46  48  46  54  48  50  52  40  40  54  48  46  42
  46  44  36  48  36  46  42  46  44  42  40  40  36  42  36  44  36  44  36  42  36  42  36  36  36  42  36  48  42   0  38  46  42  44  44  40  42  40  48  42  44  46  34  34  48  42  40  36
  40  38  30  42  30  40  36  40  38  36  34  34  30  36  30  38  30  38  30  36  30  36  30  30  30  36  30  42  36  34   0  40  36  38  38  34  36  34  42  36  38  40  28  28  42  36  34  30
  64  62  54  66  54  64  60  64  62  60  58  58  54  60  54  62  54  62  54  60  54  60  54  54  54  60  54  66  60  58  56   0  60  62  62  58  60  58  66  60  62  64  52  52  66  60  58  54
  52  50  42  54  42  52  48  52  50  48  46  46  42  48  42  50  42  50  42  48  42  48  42  42  42  48  42  54  48  46  44  52   0  50  50  46  48  46  54  48  50  52  40  40  54  48  46  42
  58  56  48  60  48  58  54  58  56  54  52  52  48  54  48  56  48  56  48  54  48  54  48  48  48  54  48  60  54  52  50  58  54   0  56  52  54  52  60  54  56  58  46  46  60  54  52  48
  58  56  48  60  48  58  54  58  56  54  52  52  48  54  48  56  48  56  48  54  48  54  48  48  48  54  48  60  54  52  50  58  54  56   0  52  54  52  60  54  56  58  46  46  60  54  52  48
  46  44  36  48  36  46  42  46  44  42  40  40  36  42  36  44  36  44  36  42  36  42  36  36  36  42  36  48  42  40  38  46  42  44  44   0  42  40  48  42  44  46  34  34  48  42  40  36
  52  50  42  54  42  52  48  52  50  48  46  46  42  48  42  50  42  50  42  48  42  48  42  42  42  48  42  54  48  46  44  52  48  50  50  46   0  46  54  48  50  52  40  40  54  48  46  42
  46  44  36  48  36  46  42  46  44  42  40  40  36  42  36  44  36  44  36  42  36  42  36  36  36  42  36  48  42  40  38  46  42  44  44  40  42   0  48  42  44  46  34  34  48  42  40  36
  70  68  60  72  60  70  66  70  68  66  64  64  60  66  60  68  60  68  60  66  60  66  60  60  60  66  60  72  66  64  62  70  66  68  68  64  66  64   0  66  68  70  58  58  72  66  64  60
  52  50  42  54  42  52  48  52  50  48  46  46  42  48  42  50  42  50  42  48  42  48  42  42  42  48  42  54  48  46  44  52  48  50  50  46  48  46  54   0  50  52  40  40  54  48  46  42
  58  56  48  60  48  58  54  58  56  54  52  52  48  54  48  56  48  56  48  54  48  54  48  48  48  54  48  60  54  52  50  58  54  56  56  52  54  52  60  54   0  58  46  46  60  54  52  48
  64  62  54  66  54  64  60  64  62  60  58  58  54  60  54  62  54  62  54  60  54  60  54  54  54  60  54  66  60  58  56  64  60  62  62  58  60  58  66  60  62   0  52  52  66  60  58  54
  28  26  18  30  18  28  24  28  26  24  22  22  18  24  18  26  18  26  18  24  18  24  18  18  18  24  18  30  24  22  20  28  24  26  26  22  24  22  30  24  26  28   0  16  30  24  22  18
  28  26  18  30  18  28  24  28  26  24  22  22  18  24  18  26  18  26  18  24  18  24  18  18  18  24  18  30  24  22  20  28  24  26  26  22  24  22  30  24  26  28  16   0  30  24  22  18
  70  68  60  72  60  70  66  70  68  66  64  64  60  66  60  68  60  68  60  66  60  66  60  60  60  66  60  72  66  64  62  70  66  68  68  64  66  64  72  66  68  70  58  58   0  66  64  60
  52  50  42  54  42  52  48  52  50  48  46  46  42  48  42  50  42  50  42  48  42  48  42  42  42  48  42  54  48  46  44  52  48  50  50  46  48  46  54  48  50  52  40  40  54   0  46  42
  46  44  36  48  36  46  42  46  44  42  40  40  36  42  36  44  36  44  36  42  36  42  36  36  36  42  36  48  42  40  38  46  42  44  44  40  42  40  48  42  44  46  34  34  48  42   0  36
  34  32  24  36  24  34  30  34  32  30  28  28  24  30  24  32  24  32  24  30  24  30  24  24  24  30  24  36  30  28  26  34  30  32  32  28  30  28  36  30  32  34  22  22  36  30  28   0

   0  58  58  60  64  60  62  66  64  58  72  62  70  66  62  72  72  66  68  62  72  68  68  70  62  60  62  72  68  68  70  70  70  60  72  72  62  62  70  58  70  70  62  64  64  58  70  70
  30   0  16  18  22  18  20  24  22  16  30  20  28  24  20  30  30  24  26  20  30  26  26  28  20  18  20  30  26  26  28  28  28  18  30  30  20  20  28  16  28  28  20  22  22  16  28  28
  30  16   0  18  22  18  20  24  22  16  30  20  28  24  20  30  30  24  26  20  30  26  26  28  20  18  20  30  26  26  28  28  28  18  30  30  20  20  28  16  28  28  20  22  22  16  28  28
  36  22  22   0  28  24  26  30  28  22  36  26  34  30  26  36  36  30  32  26  36  32  32  34  26  24  26  36  32  32  34  34  34  24  36  36  26  26  34  22  34  34  26  28  28  22  34  34
  48  34  34  36   0  36  38  42  40  34  48  38  46  42  38  48  48  42  44  38  48  44  44  46  38  36  38  48  44  44  46  46  46  36  48  48  38  38  46  34  46  46  38  40  40  34  46  46
  36  22  22  24  28   0  26  30  28  22  36  26  34  30  26  36  36  30  32  26  36  32  32  34  26  24  26  36  32  32  34  34  34  24  36  36  26  26  34  22  34  34  26  28  28  22  34  34
  42  28  28  30  34  30   0  36  34  28  42  32  40  36  32  42  42  36  38  32  42  38  38  40  32  30  32  42  38  38  40  40  40  30  42  42  32  32  40  28  40  40  32  34  34  28  40  40
  54  40  40  42  46  42  44   0  46  40  54  44  52  48  44  54  54  48  50  44  54  50  50  52  44  42  44  54  50  50  52  52  52  42  54  54  44  44  52  40  52  52  44  46  46  40  52  52
  48  34  34  36  40  36  38  42   0  34  48  38  46  42  38  48  48  42  44  38  48  44  44  46  38  36  38  48  44  44  46  46  46  36  48  48  38  38  46  34  46  46  38  40  40  34  46  46
  30  16  16  18  22  18  20  24  22   0  30  20  28  24  20  30  30  24  26  20  30  26  26  28  20  18  20  30  26  26  28  28  28  18  30  30  20  20  28  16  28  28  20  22  22  16  28  28
  72  58  58  60  64  60  62  66  64  58   0  62  70  66  62  72  72  66  68  62  72  68  68  70  62  60  62  72  68  68  70  70  70  60  72  72  62  62  70  58  70  70  62  64  64  58  70  70
  42  28  28  30  34  30  32  36  34  28  42   0  40  36  32  42  42  36  38  32  42  38  38  40  32  30  32  42  38  38  40  40  40  30  42  42  32  32  40  28  40  40  32  34  34  28  40  40
  66  52  52  54  58  54  56  60  58  52  66  56   0  60  56  66  66  60  62  56  66  62  62  64  56  54  56  66  62  62  64  64  64  54  66  66  56  56  64  52  64  64  56  58  58  52  64  64
  54  40  40  42  46  42  44  48  46  40  54  44  52   0  44  54  54  48  50  44  54  50  50  52  44  42  44  54  50  50  52  52  52  42  54  54  44  44  52  40  52  52  44  46  46  40  52  52
  42  28  28  30  34  30  32  36  34  28  42  32  40  36   0  42  42  36  38  32  42  38  38  40  32  30  32  42  38  38  40  40  40  30  42  42  32  32  40  28  40  40  32  34  34  28  40  40
  72  58  58  60  64  60  62  66  64  58  72  62  70  66  62   0  72  66  68  62  72  68  68  70  62  60  62  72  68  68  70  70  70  60  72  72  62  62  70  58  70  70  62  64  64  58  70  70
  72  58  58  60  64  60  62  66  64  58  72  62  70  66  62  72   0  66  68  62  72  68  68  70  62  60  62  72  68  68  70  70  70  60  72  72  62  62  70  58  70  70  62  64  64  58  70  70
  54  40  40  42  46  42  44  48  46  40  54  44  52  48  44  54  54   0  50  44  54  50  50  52  44  42  44  54  50  50  52  52  52  42  54  54  44  44  52  40  52  52  44  46  46  40  52  52
  60  46  46  48  52  48  50  54  52  46  60  50  58  54  50  60  60  54   0  50  60  56  56  58  50  48  50  60  56  56  58  58  58  48  60  60  50  50  58  46  58  58  50  52  52  46  58  58
  42  28  28  30  34  30  32  36  34  28  42  32  40  36  32  42  42  36  38   0  42  38  38  40  32  30  32  42  38  38  40  40  40  30  42  42  32  32  40  28  40  40  32  34  34  28  40  40
  72  58  58  60  64  60  62  66  64  58  72  62  70  66  62  72  72  66  68  62   0  68  68  70  62  60  62  72  68  68  70  70  70  60  72  72  62  62  70  58  70  70  62  64  64  58  70  70
  60  46  46  48  52  48  50  54  52  46  60  50  58  54  50  60  60  54  56  50  60   0  56  58  50  48  50  60  56  56  58  58  58  48  60  60  50  50  58  46  58  58  50  52  52  46  58  58
  60  46  46  48  52  48  50  54  52  46  60  50  58  54  50  60  60  54  56  50  60  56   0  58  50  48  50  60  56  56  58  58  58  48  60  60  50  50  58  46  58  58  50  52  52  46  58  58
  66  52  52  54  58  54  56  60  58  52  66  56  64  60  56  66  66  60  62  56  66  62  62   0  56  54  56  66  62  62  64  64  64  54  66  66  56  56  64  52  64  64  56  58  58  52  64  64
  42  28  28  30  34  30  32  36  34  28  42  32  40  36  32  42  42  36  38  32  42  38  38  40   0  30  32  42  38  38  40  40  40  30  42  42  32  32  40  28  40  40  32  34  34  28  40  40
  36  22  22  24  28  24  26  30  28  22  36  26  34  30  26  36  36  30  32  26  36  32  32  34  26   0  26  36  32  32  34  34  34  24  36  36  26  26  34  22  34  34  26  28  28  22  34  34
  42  28  28  30  34  30  32  36  34  28  42  32  40  36  32  42  42  36  38  32  42  38  38  40  32  30   0  42  38  38  40  40  40  30  42  42  32  32  40  28  40  40  32  34  34  28  40  40
  72  58  58  60  64  60  62  66  64  58  72  62  70  66  62  72  72  66  68  62  72  68  68  70  62  60  62   0  68  68  70  70  70  60  72  72  62  62  70  58  70  70  62  64  64  58  70  70
  60  46  46  48  52  48  50  54  52  46  60  50  58  54  50  60  60  54  56  50  60  56  56  58  50  48  50  60   0  56  58  58  58  48  60  60  50  50  58  46  58  58  50  52  52  46  58  58
  60  46  46  48  52  48  50  54  52  46  60  50  58  54  50  60  60  54  56  50  60  56  56  58  50  48  50  60  56   0  58  58  58  48  60  60  50  50  58  46  58  58  50  52  52  46  58  58
  66  52  52  54  58  54  56  60  58  52  66  56  64  60  56  66  66  60  62  56  66  62  62  64  56  54  56  66  62  62   0  64  64  54  66  66  56  56  64  52  64  64  56  58  58  52  64  64
  66  52  52  54  58  54  56  60  58  52  66  56  64  60  56  66  66  60  62  56  66  62  62  64  56  54  56  66  62  62  64   0  64  54  66  66  56  56  64  52  64  64  56  58  58  52  64  64
  66  52  52  54  58  54  56  60  58  52  66  56  64  60  56  66  66  60  62  56  66  62  62  64  56  54  56  66  62  62  64  64   0  54  66  66  56  56  64  52  64  64  56  58  58  52  64  64
  36  22  22  24  28  24  26  30  28  22  36  26  34  30  26  36  36  30  32  26  36  32  32  34  26  24  26  36  32  32  34  34  34   0  36  36  26  26  34  22  34  34  26  28  28  22  34  34
  72  58  58  60  64  60  62  66  64  58  72  62  70  66  62  72  72  66  68  62  72  68  68  70  62  60  62  72  68  68  70  70  70  60   0  72  62  62  70  58  70  70  62  64  64  58  70  70
  72  58  58  60  64  60  62  66  64  58  72  62  70  66  62  72  72  66  68  62  72  68  68  70  62  60  62  72  68  68  70  70  70  60  72   0  62  62  70  58  70  70  62  64  64  58  70  70
  42  28  28  30  34  30  32  36  34  28  42  32  40  36  32  42  42  36  38  32  42  38  38  40  32  30  32  42  38  38  40  40  40  30  42  42   0  32  40  28  40  40  32  34  34  28  40  40
  42  28  28  30  34  30  32  36  34  28  42  32  40  36  32  42  42  36  38  32  42  38  38  40  32  30  32  42  38  38  40  40  40  30  42  42  32   0  40  28  40  40  32  34  34  28  40  40
  66  52  52  54  58  54  56  60  58  52  66  56  64  60  56  66  66  60  62  56  66  62  62  64  56  54  56  66  62  62  64  64  64  54  66  66  56  56   0  52  64  64  56  58  58  52  64  64
  30  16  16  18  22  18  20  24  22  16  30  20  28  24  20  30  30  24  26  20  30  26  26  28  20  18  20  30  26  26  28  28  28  18  30  30  20  20  28   0  28  28  20  22  22  16  28  28
  66  52  52  54  58  54  56  60  58  52  66  56  64  60  56  66  66  60  62  56  66  62  62  64  56  54  56  66  62  62  64  64  64  54  66  66  56  56  64  52   0  64  56  58  58  52  64  64
  66  52  52  54  58  54  56  60  58  52  66  56  64  60  56  66  66  60  62  56  66  62  62  64  56  54  56  66  62  62  64  64  64  54  66  66  56  56  64  52  64   0  56  58  58  52  64  64
  42  28  28  30  34  30  32  36  34  28  42  32  40  36  32  42  42  36  38  32  42  38  38  40  32  30  32  42  38  38  40  40  40  30  42  42  32  32  40  28  40  40   0  34  34  28  40  40
  48  34  34  36  40  36  38  42  40  34  48  38  46  42  38  48  48  42  44  38  48  44  44  46  38  36  38  48  44  44  46  46  46  36  48  48  38  38  46  34  46  46  38   0  40  34  46  46
  48  34  34  36  40  36  38  42  40  34  48  38  46  42  38  48  48  42  44  38  48  44  44  46  38  36  38  48  44  44  46  46  46  36  48  48  38  38  46  34  46  46  38  40   0  34  46  46
  30  16  16  18  22  18  20  24  22  16  30  20  28  24  20  30  30  24  26  20  30  26  26  28  20  18  20  30  26  26  28  28  28  18  30  30  20  20  28  16  28  28  20  22  22   0  28  28
  66  52  52  54  58  54  56  60  58  52  66  56  64  60  56  66  66  60  62  56  66  62  62  64  56  54  56  66  62  62  64  64  64  54  66  66  56  56  64  52  64  64  56  58  58  52   0  64
  66  52  52  54  58  54  56  60  58  52  66  56  64  60  56  66  66  60  62  56  66  62  62  64  56  54  56  66  62  62  64  64  64  54  66  66  56  56  64  52  64  64  56  58  58  52  64   0