52 3

   0 673 291 558 314 349 651 443 609 5861060 678 9961143 320 273 439 165 313 235 485  60 200 295 423 732 809 730 421 374 157 101 843 151 148 158 217 264 199 219 414 590 488 162 247 462 806 289  75 221 8111457
 673   0 6581209 9671000  55 972114211561657128014601537 977 736 503 598 850 588 590 649 527 9411040119413111265 649 403 551 7401503 797 802 817 866 919 859 879 914 1261147 751 82910411165 931 738 59914421952
 291 658   0 767 532 566 622 326 495 5131287 91512691423 526 551 228 139 216 466 488 255 381 527 66610101079 994 667 519 220 257 920 410 401 401 458 487 426 438 266 576 582 443 227 7361088 527 300 46810181721
 5581209 767   0 230 1951140 645 723 661 786 420 8351023 224 500 913 639 585 628 983 553 659 249 225 623 640 543 697 806 654 484 636 385 405 406 303 282 366 302 6661078 373 418 521 516 777 262 459 584 5221248
 314 967 532 230   0  68 944 497 602 548 790 415 800 977  56 332 720 444 418 441 786 356 465  62 173 566 605 511 534 618 457 291 615 189 207 209 107  84 169 106 508 882 301 230 348 363 698  79 262 400 5311231
 3491000 566 195  68   0 978 518 615 558 756 382 775 955  71 351 755 479 445 470 820 391 498  88 147 547 580 485 553 647 492 326 594 222 242 244 140 120 204 141 533 916 295 258 377 375 686 102 298 427 4961201
 651  55 6221140 944 978   0 937110611221649127014631546 958 728 463 568 817 578 562 625 512 9241027119613101261 653 401 524 7141477 778 783 796 848 900 839 859 878 1031121 736 79810291173 914 714 59014291954
 443 972 326 645 497 518 937   0 198 2111170 84112611443 479 679 522 391 139 666 785 435 611 513 63410321066 970 852 778 474 355 667 477 468 460 476 476 452 438  89 886 390 543 200 7871156 523 400 653 8881673
 6091142 495 723 602 6151106 198   0 1091186 89713381531 583 831 681 569 317 836 963 608 786 628 7281131114610481014 955 652 522 587 623 617 608 607 596 591 567 2591061 415 694 368 9171273 640 562 820 9061724
 5861156 513 661 548 5581122 211 109   01113 82612681462 522 787 707 562 309 806 961 585 764 569 66210641077 978 976 937 641 493 527 579 574 565 554 541 543 514 2731067 343 650 347 8631211 583 529 786 8331652
106016571287 786 790 7561649117011861113   0 418 471 650 791 9351478120211401108152111071170 799 652 553 436 4481065127212051049 730 929 955 961 853 842 926 86412071585 822 9281082 977 728 80510191054 315 643
 6781280 915 420 415 3821270 841 897 826 418   0 483 686 419 5601098 820 786 7291136 724 787 418 268 349 304 215 713 898 821 671 610 546 572 578 470 463 546 486 8651204 519 544 722 594 542 423 637 676 220 865
 99614601269 835 800 7751463126113381268 471 483   0 237 814 781141811491186 953140210431036 789 642 267 205 325 8291079112310241035 879 910 923 825 837 904 85612761405 964 8381114 888 348 786 979 897 570 524
1143153714231023 977 9551546144315311462 650 686 237   0 992 9061554129413581069152211881156 962 822 410 395 517 9121170125911811241103510671082 991100810691025145214921160 98412841041 389 95711341014 776 565
 320 977 526 224  56  71 958 479 583 522 791 419 814 992   0 354 719 445 404 458 793 361 479  85 186 584 619 524 557 634 463 290 593 201 217 216 121  94 174 110 492 893 275 248 335 387 719 102 266 419 5281241
 273 736 551 500 332 351 728 679 831 787 935 560 781 906 354   0 663 414 559 193 637 314 271 301 342 512 611 551 218 354 370 344 916 230 258 279 257 310 301 296 662 667 598 143 486 341 557 286 295 137 7351262
 439 503 228 913 720 755 463 522 681 7071478109814181554 719 663   0 276 430 538 453 398 438 713 848115412381160 723 507 308 4421137 578 572 576 638 675 609 627 462 434 799 588 444 8921203 710 473 54812191887
 165 598 139 639 444 479 568 391 569 5621202 82011491294 445 414 276   0 263 328 401 127 245 438 572 891 967 887 528 396  88 170 916 303 296 301 362 401 335 353 346 514 563 320 232 621 958 434 198 329 9481615
 313 850 216 585 418 445 817 139 317 3091140 78611861358 404 559 430 263   0 537 659 304 479 431 563 949 995 902 726 646 343 230 716 366 357 350 381 390 351 347 110 766 392 428  82 6871059 437 278 525 8651618
 235 588 466 628 441 470 578 666 836 8061108 729 9531069 458 193 538 328 537   0 488 248 124 410 491 680 783 724 236 214 258 3221017 283 299 319 343 400 357 370 631 512 674 213 468 489 705 397 285  50 8921434
 485 590 488 983 786 820 562 785 963 9611521113614021522 793 637 453 401 659 488   0 391 332 706 824107211681102 601 382 288 4781240 559 560 571 628 677 613 633 671 441 885 536 567 8401099 698 482 44412211820
  60 649 255 553 356 391 625 435 608 5851107 72410431188 361 314 398 127 304 248 391   0 197 342 472 781 859 780 447 370 119 112 872 200 196 203 265 309 243 263 400 564 517 211 243 512 851 337 108 245 8571507
 200 527 381 659 465 498 512 611 786 7641170 78710361156 479 271 438 245 479 124 332 197   0 440 541 765 863 800 318 200 170 2851024 298 306 322 366 421 365 383 571 447 673 250 420 546 795 429 262 138 9431515
 295 941 527 249  62  88 924 513 628 569 799 418 789 962  85 301 713 438 431 410 706 342 440   0 169 550 595 504 502 589 440 283 645 167 188 192  85  77 157  99 519 859 331 200 354 332 676  46 250 370 5451227
 4231040 666 225 173 1471027 634 728 662 652 268 642 822 186 342 848 572 563 491 824 472 541 169   0 419 449 354 527 671 569 422 624 294 320 327 220 218 296 240 650 964 382 297 491 359 568 173 386 446 4171075
 73211941010 623 566 5471196103211311064 553 349 267 410 584 5121154 891 949 6801072 781 765 550 419   0 134 178 570 816 861 773 930 627 659 673 582 601 660 61710441142 777 579 876 633 197 549 726 631 515 759
 80913111079 640 605 5801310106611461077 436 304 205 395 619 6111238 967 995 7831168 859 863 595 449 134   0 135 690 928 944 836 879 692 722 735 636 646 715 66510841253 778 657 922 703 308 595 792 732 434 664
 7301265 994 543 511 4851261 9701048 978 448 215 325 517 524 5511160 887 902 7241102 780 800 504 354 178 135   0 654 877 865 746 792 604 634 645 543 550 622 571 9851198 676 577 826 621 369 501 704 670 369 760
 421 649 667 697 534 553 653 8521014 9761065 713 829 912 557 218 723 528 726 236 601 447 318 502 527 570 690 654   0 278 461 5081116 422 447 468 458 513 496 496 825 600 800 335 655 537 542 489 464 200 8981323
 374 403 519 806 618 647 401 778 955 9371272 89810791170 634 354 507 396 646 214 382 370 200 589 671 816 928 877 278   0 320 4611192 459 472 490 523 579 531 546 735 344 844 394 594 668 801 579 437 22310701571
 157 551 220 654 457 492 524 474 652 6411205 82111231259 463 370 308  88 343 258 288 119 170 440 569 861 944 865 461 320   0 203 966 299 297 305 366 411 345 366 429 465 610 295 301 600 912 437 210 268 9591594
 101 740 257 484 291 326 714 355 522 4931049 67110241181 290 344 442 170 230 322 478 112 285 283 422 773 836 746 508 461 203   0 776 169 159 157 214 246 183 198 332 655 420 217 160 497 862 284  63 311 7911477
 8431503 920 636 615 5941477 667 587 527 730 61010351241 593 9161137 916 71610171240 8721024 645 624 930 879 79211161192 966 776   0 755 763 758 683 654 716 658 7281416 395 811 699 9351115 663 779 982 5011330
 151 797 410 385 189 222 778 477 623 579 929 546 8791035 201 230 578 303 366 283 559 200 298 167 294 627 692 604 422 459 299 169 755   0  53  71  91 144  96 108 465 714 412  93 288 349 717 160 121 252 6831334
 148 802 401 405 207 242 783 468 617 574 955 572 9101067 217 258 572 296 357 299 560 196 306 188 320 659 722 634 447 472 297 159 763  53   0  61 109 157  99 117 453 716 414 117 275 378 746 180 109 268 7021361
 158 817 401 406 209 244 796 460 608 565 961 578 9231082 216 279 576 301 350 319 571 203 322 192 327 673 735 645 468 490 305 157 758  71  61   0 112 156  93 113 444 728 405 136 266 391 761 184 109 286 7041370
 217 866 458 303 107 140 848 476 607 554 853 470 825 991 121 257 638 362 381 343 628 265 366  85 220 582 636 543 458 523 366 214 683  91 109 112   0  68  89  53 477 786 353 139 305 322 692  83 177 310 6041274
 264 919 487 282  84 120 900 476 596 541 842 463 8371008  94 310 675 401 390 400 677 309 421  77 218 601 646 550 513 579 411 246 654 144 157 156  68   0 119  57 479 834 322 192 312 357 716  82 213 363 5831274
 199 859 426 366 169 204 839 452 591 543 926 546 9041069 174 301 609 335 351 357 613 243 365 157 296 660 715 622 496 531 345 183 716  96  99  93  89 119   0  70 443 770 366 161 268 386 758 151 143 323 6651346
 219 879 438 302 106 141 859 438 567 514 864 486 8561025 110 296 627 353 347 370 633 263 383  99 240 617 665 571 496 546 366 198 658 108 117 113  53  57  70   0 442 797 320 171 272 364 731 104 170 339 6081299
 414 914 266 666 508 533 878  89 259 2731207 86512761452 492 662 462 346 110 631 671 400 571 519 65010441084 985 825 735 429 332 728 465 453 444 477 479 443 442   0 828 433 527 179 7831155 527 377 622 9251697
 590 126 5761078 882 916 103 886106110671585120414051492 893 667 434 514 766 512 441 564 447 859 964114212531198 600 344 465 6551416 714 716 728 786 834 770 797 828   01057 669 738 9621118 847 649 52413621893
 4881147 582 373 301 2951121 390 415 343 822 519 9641160 275 598 799 563 392 674 885 517 673 331 382 777 778 676 800 844 610 420 395 412 414 405 353 322 366 320 4331057   0 474 354 631 930 346 421 641 5371345
 162 751 443 418 230 258 736 543 694 650 928 544 838 984 248 143 588 320 428 213 536 211 250 200 297 579 657 577 335 394 295 217 811  93 117 136 139 192 161 171 527 669 474   0 353 313 655 192 168 179 7001307
 247 829 227 521 348 377 798 200 368 3471082 72211141284 335 486 444 232  82 468 567 243 420 354 491 876 922 826 655 594 301 160 699 288 275 266 305 312 268 272 179 738 354 353   0 611 983 364 206 459 8111550
 4621041 736 516 363 3751029 787 917 863 977 594 8881041 387 341 892 621 687 489 840 512 546 332 359 633 703 621 537 668 600 497 935 349 378 391 322 357 386 364 783 962 631 313 611   0 672 264 393 387 7021295
 80611651088 777 698 6861173115612731211 728 542 348 389 719 5571203 9581059 7051099 851 795 676 568 197 308 369 542 801 912 8621115 717 746 761 692 716 758 73111551118 930 655 983 672   0 669 811 655 708 839
 289 931 527 262  79 102 914 523 640 583 805 423 786 957 102 286 710 434 437 397 698 337 429  46 173 549 595 501 489 579 437 284 663 160 180 184  83  82 151 104 527 847 346 192 364 264 669   0 245 356 5531226
  75 738 300 459 262 298 714 400 562 5291019 637 9791134 266 295 473 198 278 285 482 108 262 250 386 726 792 704 464 437 210  63 779 121 109 109 177 213 143 170 377 649 421 168 206 393 811 245   0 271 7651435
 221 599 468 584 400 427 590 653 820 7861054 676 8971014 419 137 548 329 525  50 444 245 138 370 446 631 732 670 200 223 268 311 982 252 268 286 310 363 323 339 622 524 641 179 459 387 655 356 271   0 8481384
 81114421018 522 531 4961429 888 906 833 315 220 570 776 528 7351219 948 865 8921221 857 943 545 417 515 434 369 8981070 959 791 501 683 702 704 604 583 665 608 9251362 537 700 811 702 708 553 765 848   0 870
1457195217211248123112011954167317241652 643 865 524 56512411262188716151618143418201507151512271075 759 664 760132315711594147713301334136113701274127413461299169718931345130715501295 839122614351384 870   0

   0 697 311 426 321 362 669 448 617 5931077 69110011214 326 301 459 205 324 239 306  67 216 304 429 747 820 728 446 400 179 131 863 154 161 144 226 263 198 247 412 600 494 324 276 296 818 302 170 403 8221242
 697   0 6731072 9691008  68 972114511581669128814601603 978 759 518 633 856 587 406 651 538 9451041120413171258 669 424 568 7651518 795 810 798 870 913 853 902 907 1311148 908 853 8701172 939 828 77614481732
 311 673   0 627 531 571 632 323 495 5121296 92012661486 524 571 240 171 219 462 301 254 389 528 66410171082 984 684 537 234 279 932 405 406 379 459 478 417 458 256 578 580 597 248 5621092 532 387 64210211498
 4261072 627   0 128  991049 541 622 559 694 324 731 985 121 419 824 570 487 523 695 451 566 149 122 529 542 432 613 723 567 405 547 279 309 283 203 172 256 221 555 979 270 471 441 241 680 166 445 657 424 924
 321 969 531 128   0  64 945 485 593 538 790 411 7881031  45 343 723 467 412 428 590 346 464  54 162 564 599 492 542 627 462 304 618 175 203 178  99  66 151 117 489 875 290 375 360 180 693  75 340 565 525 999
 3621008 571  99  64   0 983 510 610 552 760 382 7671013  64 366 762 506 443 461 628 385 501  84 140 549 578 470 565 660 501 343 601 212 242 217 136 106 190 156 518 913 288 407 393 196 685 102 380 596 494 973
 669  68 6321049 945 983   0 932110411191656127314581607 954 746 473 598 818 572 373 622 518 9231023120113111249 668 417 536 7341487 771 786 772 847 889 828 877 866 1031117 888 817 8531175 917 799 76214301729
 448 972 323 541 485 510 932   0 188 2001169 83612481496 467 689 524 413 132 652 588 424 609 504 62210291059 950 859 786 478 367 669 462 463 428 467 457 433 448  69 878 378 687 211 6031150 518 477 817 8811440
 6171145 495 622 593 6101104 188   0  991186 89313261585 572 842 684 592 311 823 767 598 785 620 7171129114010291022 964 657 535 590 609 613 577 599 578 573 578 2401054 404 839 380 7341268 636 640 985 9001492
 5931158 512 559 538 5521119 200  99   01113 82212561516 511 798 710 585 303 793 765 575 763 561 65110621071 959 984 946 646 506 530 565 570 534 546 523 525 525 2541060 332 795 359 6801206 579 607 951 8271420
107716691296 694 790 7601656116911861113   0 421 466 711 787 9531488123211411102133211041176 798 648 558 437 4361080128812171069 740 922 958 937 852 831 915 88211951585 81810801101 801 730 80811041226 316 418
 6911288 920 324 411 3821273 836 893 822 421   0 475 744 412 5751105 847 784 720 944 718 790 414 261 351 302 200 725 911 830 688 617 536 572 551 466 449 532 501 8501201 512 693 738 415 541 423 719 845 218 637
100114601266 731 788 7671458124813261256 466 475   0 289 801 790141911701178 938120410311033 779 629 263 197 304 8351086112610351036 863 904 890 815 817 884 86512551396 951 9811124 703 341 78010551060 562 290
121416031486 985103110131607149615851516 711 744 289   01024 9601600136013951099136912211198 997 854 451 432 541 9631222130712371287106411061094102610331094107914761528119211721339 901 427 99612551222 813 376
 326 978 524 121  45  64 954 467 572 511 787 412 8011024   0 364 721 467 397 444 596 350 477  76 174 581 612 504 564 642 467 302 595 186 212 184 112  75 155 120 472 885 263 392 346 203 713  97 343 583 5211008
 301 759 571 419 343 366 746 689 842 798 953 575 790 960 364   0 680 451 567 194 455 318 284 307 345 524 619 546 240 377 389 371 933 230 268 262 263 306 297 321 657 674 601 302 512 172 566 296 387 316 7431044
 459 518 240 824 723 762 473 524 684 7101488110514191600 721 680   0 308 433 534 266 397 446 714 846116112411150 740 525 322 4641149 573 577 554 639 666 600 647 452 436 797 742 465 7181207 715 560 72212221664
 205 633 171 570 467 506 598 413 592 5851232 84711701360 467 451 308   0 279 337 227 139 266 452 583 911 983 890 558 427 115 205 941 311 314 292 376 405 339 386 349 529 574 487 266 460 975 452 298 516 9641405
 324 856 219 487 412 443 818 132 311 3031141 78411781395 397 567 433 279   0 527 466 297 481 426 555 950 992 886 737 658 351 246 722 355 356 322 376 375 336 361  94 762 384 576  97 5071057 436 359 693 8621389
 239 587 462 523 428 461 572 652 823 7931102 720 9381099 444 194 534 337 527   0 290 236 121 400 478 676 775 703 242 221 261 3331018 267 293 286 333 380 337 379 610 503 661 356 478 304 698 391 361 213 8841200
 306 406 301 695 590 628 373 588 767 7651332 94412041369 596 455 266 227 466 290   0 257 207 574 689 9461038 959 485 267 169 3671119 421 432 416 496 535 471 520 528 310 750 557 455 533 970 570 436 48510911464
  67 651 254 451 346 385 622 424 598 5751104 71810311221 350 318 397 139 297 236 257   0 196 334 461 779 853 761 455 379 124 125 875 186 192 172 257 291 225 274 381 557 506 356 255 329 846 333 186 410 8511275
 216 538 389 566 464 501 518 609 785 7631176 79010331198 477 284 446 266 481 121 207 196   0 438 536 769 863 787 332 215 181 3041033 290 308 297 364 409 353 400 558 446 668 401 438 369 796 431 346 309 9431289
 304 945 528 149  54  84 923 504 620 561 798 414 779 997  76 307 714 452 426 400 574 334 438   0 159 549 590 486 511 599 446 297 649 154 185 162  78  60 140 111 501 853 321 346 367 150 672  43 329 536 540 996
 4291041 664 122 162 1401023 622 717 651 648 261 629 854 174 345 846 583 555 478 689 461 536 159   0 417 443 335 535 680 574 435 627 280 316 296 212 200 278 251 631 957 371 442 503 176 563 169 464 611 411 843
 74712041017 529 564 5491201102911291062 558 351 263 451 581 5241161 911 950 676 946 779 769 549 417   0 134 165 584 831 872 792 939 619 661 648 580 589 648 63410311141 772 730 894 456 198 551 810 802 515 533
 82013171082 542 599 5781311105911401071 437 302 197 432 612 6191241 983 992 7751038 853 863 590 443 134   0 119 701 940 952 852 885 681 721 707 631 631 700 67910681249 770 805 937 523 306 594 873 900 431 435
 7281258 984 432 492 4701249 9501029 959 436 200 304 541 504 5461150 890 886 703 959 761 787 486 335 165 119   0 656 880 864 753 789 584 624 608 529 526 598 576 9601185 659 716 832 432 358 491 776 829 357 522
 446 669 684 613 542 565 668 8591022 9841080 725 835 963 564 240 740 558 737 242 485 455 332 511 535 584 701 656   0 299 478 5331131 420 455 449 462 507 490 519 818 605 801 492 679 366 549 497 554 377 9041103
 400 424 537 723 627 660 417 786 964 9461288 91110861222 642 377 525 427 658 221 267 379 215 599 680 831 940 880 299   0 338 4871208 458 481 472 528 574 526 570 729 350 846 552 619 498 809 588 528 40110771352
 179 568 234 567 462 501 536 478 657 6461217 83011261307 467 389 322 115 351 261 169 124 181 446 574 872 952 864 478 338   0 226 979 295 303 284 368 403 337 387 420 468 609 450 323 427 917 443 298 443 9631372
 131 765 279 405 304 343 734 367 535 5061069 68810351237 302 371 464 205 246 333 367 125 304 297 435 792 852 753 533 487 226   0 794 170 170 141 221 243 180 224 328 663 424 377 187 329 872 295 156 491 8001260
 8631518 932 547 618 6011487 669 590 530 740 61710361287 595 9331149 941 72210181119 8751033 649 627 939 885 78911311208 979 794   0 750 768 736 684 645 707 678 7181418 393 965 720 7611119 668 8661156 5041107
 154 795 405 279 175 212 771 462 609 565 922 536 8631064 186 230 573 311 355 267 421 186 290 154 280 619 681 584 420 458 295 170 750   0  47  38  81 124  76 117 444 705 399 236 298 164 710 154 197 415 6751100
 161 810 406 309 203 242 786 463 613 570 958 572 9041106 212 268 577 314 356 293 432 192 308 185 316 661 721 624 455 481 303 170 768  47   0  34 105 143  85 132 438 713 407 266 291 199 745 180 191 437 7001133
 144 798 379 283 178 217 772 428 577 534 937 551 8901094 184 262 554 292 322 286 416 172 297 162 296 648 707 608 449 472 284 141 736  38  34   0  90 124  61 110 411 707 380 267 264 194 742 166 173 437 6841124
 226 870 459 203  99 136 847 467 599 546 852 466 8151026 112 263 639 376 376 333 496 257 364  78 212 580 631 529 462 528 368 221 684  81 105  90   0  52  73  66 460 781 344 286 319 141 689  81 257 477 6001044
 263 913 478 172  66 106 889 457 578 523 831 449 8171033  75 306 666 405 375 380 535 291 409  60 200 589 631 526 507 574 403 243 645 124 143 124  52   0  95  62 454 821 305 331 318 168 705  72 285 522 5711036
 198 853 417 256 151 190 828 433 573 525 915 532 8841094 155 297 600 339 336 337 471 225 353 140 278 648 700 598 490 526 337 180 707  76  85  61  73  95   0  75 418 757 349 300 274 197 747 141 215 482 6531108
 247 902 458 221 117 156 877 448 578 525 882 501 8651079 120 321 647 386 361 379 520 274 400 111 251 634 679 576 519 570 387 224 678 117 132 110  66  62  75   0 437 804 323 330 298 195 740 114 262 518 6161081
 412 907 256 555 489 518 866  69 240 2541195 85012551476 472 657 452 349  94 610 528 381 558 501 63110311068 960 818 729 420 328 718 444 438 411 460 454 418 437   0 815 416 666 185 5941144 517 449 781 9131459
 600 131 578 979 875 913 103 878105410601585120113961528 885 674 436 529 762 503 310 557 446 853 957114112491185 605 350 468 6631418 705 713 707 781 821 757 804 815   01048 816 752 7811115 845 729 69113581663
 4941148 580 270 290 2881117 378 404 332 818 512 9511192 263 601 797 574 384 661 750 506 668 321 371 772 770 659 801 846 609 424 393 399 407 380 344 305 349 323 4161048   0 619 366 448 925 342 499 806 5311113
 324 908 597 471 375 407 888 687 839 7951080 693 9811172 392 302 742 487 576 356 557 356 401 346 442 730 805 716 492 552 450 377 965 236 266 267 286 331 300 330 666 816 619   0 468 233 753 291 349 447 7971178
 276 853 248 441 360 393 817 211 380 3591101 73811241339 346 512 465 266  97 478 455 255 438 367 503 894 937 832 679 619 323 187 720 298 291 264 319 318 274 298 185 752 366 468   0 443 993 375 299 639 8201333
 296 870 562 241 180 196 853 603 734 680 801 415 703 901 203 172 718 460 507 304 533 329 369 150 176 456 523 432 366 498 427 329 761 164 199 194 141 168 197 195 594 781 448 233 443   0 551 144 355 436 580 947
 81811721092 680 693 6851175115012681206 730 541 341 427 713 5661207 9751057 698 970 846 796 672 563 198 306 358 549 809 917 8721119 710 745 742 689 705 747 74011441115 925 753 993 551   0 668 892 823 705 610
 302 939 532 166  75 102 917 518 636 579 808 423 780 996  97 296 715 452 436 391 570 333 431  43 169 551 594 491 497 588 443 295 668 154 180 166  81  72 141 114 517 845 342 291 375 144 668   0 327 525 551 998
 170 828 387 445 340 380 799 477 640 6071104 71910551255 343 387 560 298 359 361 436 186 346 329 464 810 873 776 554 528 298 156 866 197 191 173 257 285 215 262 449 729 499 349 299 355 892 327   0 495 8181262
 403 776 642 657 565 596 762 817 985 9511226 84510601222 583 316 722 516 693 213 485 410 309 536 611 802 900 829 377 401 443 4911156 415 437 437 477 522 482 518 781 691 806 447 639 436 823 525 495   0 9591269
 82214481021 424 525 4941430 881 900 827 316 218 562 813 521 7431222 964 862 8841091 851 943 540 411 515 431 357 9041077 963 800 504 675 700 684 600 571 653 616 9131358 531 797 820 580 705 551 818 959   0 641
124217321498 924 999 9731729144014921420 418 637 290 376100810441664140513891200146412751289 996 843 533 435 52211031352137212601107110011331124104410361108108114591663111311781333 947 610 99812621269 641   0

   0 681 298 414 310 337 659 455 798 5741064 67510981143 318 280 451 190 332 221 297  61 185 301 423 750 829 862 421 382 156 111 856 166 145 147 225 244 189 232 400 588 478 229 256 287 810 288  75 228 8121225
 681   0 6711071 969 994  69 990133711501667128315681543 981 749 521 629 875 580 408 656 518 9531046121813371403 655 417 556 7561522 818 805 812 880 905 855 898 906 1301143 824 844 8721175 936 744 61214491726
 298 671   0 628 533 559 635 343 689 5061296 91713761428 529 563 245 169 240 457 305 261 371 538 671103311041131 672 532 224 272 938 430 403 395 471 472 421 456 257 579 577 515 241 5661097 531 305 48010241494
 4141071 628   0 130  871052 561 816 553 694 321 841 927 126 411 829 568 508 518 699 458 548 159 129 545 564 579 601 718 557 398 553 304 306 299 215 166 260 219 556 980 267 389 434 245 685 165 363 495 427 920
 310 969 533 130   0  53 949 506 788 533 791 409 899 974  51 336 729 466 434 424 595 354 447  65 170 581 622 640 531 623 453 298 625 201 201 195 112  61 156 116 491 877 288 294 354 185 699  75 259 404 529 996
 337 994 559  87  53   0 978 522 796 538 752 371 869 947  61 350 759 496 456 448 624 384 475  86 139 557 592 609 545 647 483 328 599 229 231 225 140  92 186 146 511 906 277 317 378 192 682  93 290 426 489 961
 659  69 6351052 949 978   0 954130011151658127215701551 961 740 480 598 841 569 379 631 502 9351032121913351398 658 414 528 7291495 798 785 790 861 885 834 877 869 1061116 808 812 8591182 918 719 60214351727
 455 990 343 561 506 522 954   0 395 2071182 84613711451 485 694 542 424 166 660 605 444 604 527 642105810941110 860 794 481 373 688 500 473 457 492 464 450 459  83 892 388 618 217 6201168 530 408 668 8971449
 7981337 689 816 788 7961300 395   0 2231316102015661657 707 964 819 720 462 948 901 735 897 760 85412751292130611401089 777 658 726 764 740 723 741 702 707 706 3711185 531 887 503 8681403 765 688 95310331618
 5741150 506 553 533 5381115 207 223   01109 81513621454 512 786 711 579 320 784 765 578 741 567 654107410891102 968 937 632 495 532 586 563 546 554 513 525 519 2511057 325 709 348 6801207 574 521 785 8261412
106416671296 694 791 7521658118213161109   0 418 576 653 792 9451493123011621097133611111158 808 655 574 459 5831068128312071062 746 947 955 953 864 825 919 88011961586 815 9981094 805 735 80710221064 319 414
 6751283 917 321 409 3711272 8461020 815 418   0 583 684 415 5651108 843 803 713 946 723 770 422 266 365 322 345 711 904 818 679 621 559 567 565 476 441 534 497 8491200 507 609 729 417 544 420 635 681 219 631
109815681376 841 899 8691570137115661362 576 583   0 305 880 8561498124212731007128211121089 863 710 353 293 525 8971155119011021116 962 975 980 901 885 962 937133014711022 9731191 781 420 8531047 972 639 360
114315431428 927 974 9471551145116571454 653 684 305   0 990 9131566131913771055133411891141 968 822 428 415 649 9121178125811911254105010641071 999 9881059103814381490115010511293 866 393 95611341021 777 333
 318 981 529 126  51  61 961 485 707 512 792 415 880 990   0 359 729 468 421 442 603 360 462  89 184 600 637 654 555 640 460 298 604 214 212 203 127  72 162 121 476 889 263 313 342 210 721  99 264 424 5271007
 280 749 563 411 336 350 740 694 964 786 945 565 856 913 359   0 680 444 583 184 454 320 261 312 347 535 636 688 223 367 374 359 934 250 260 273 270 295 296 314 653 670 593 215 500 171 566 290 300 149 7411035
 451 521 245 829 729 759 480 542 819 7111493110814981566 729 680   0 309 457 532 273 407 431 727 856118012661300 731 523 315 4601158 601 577 573 654 663 607 648 456 440 797 663 461 7251215 717 481 56312281663
 190 629 169 568 466 496 598 424 720 5791230 84312421319 468 444 309   0 299 331 230 145 247 461 589 92610041036 545 421 104 197 946 335 310 307 387 398 342 383 349 529 570 404 258 463 979 450 215 353 9661400
 332 875 240 508 434 456 841 166 462 3201162 80312731377 421 583 457 299   0 536 484 318 477 450 576 98010281047 739 667 355 253 742 394 367 352 402 383 354 373 109 777 395 508 104 5251076 449 291 545 8791399
 221 580 457 518 424 448 569 660 948 7841097 71310071055 442 184 532 331 536   0 291 240 100 407 482 689 794 847 227 213 248 3231021 289 287 299 342 371 338 374 608 501 655 271 468 305 700 387 276  48 8841193
 297 408 305 699 595 624 379 605 901 7651336 94612821334 603 454 273 230 484 291   0 267 192 587 699 96510631109 476 265 162 3631128 449 432 435 511 532 478 521 532 314 750 478 451 540 978 572 357 32610971463
  61 656 261 458 354 384 631 444 735 5781111 72311121189 360 320 407 145 318 240 267   0 183 349 473 800 880 913 448 379 119 123 886 216 194 193 274 290 234 277 387 563 508 279 253 338 856 337 109 253 8591276
 185 518 371 548 447 475 502 604 897 7411158 77010891141 462 261 431 247 477 100 192 183   0 436 531 773 873 922 308 198 159 2851027 303 293 301 364 391 345 386 547 435 653 307 419 361 789 418 252 135 9341273
 301 953 538 159  65  86 935 527 760 567 808 422 863 968  89 312 727 461 450 407 587 349 436   0 173 572 619 640 506 601 443 297 662 186 189 185  97  61 151 116 509 861 325 271 367 161 684  49 254 381 550 999
 4231046 671 129 170 1391032 642 854 654 655 266 710 822 184 347 856 589 576 482 699 473 531 173   0 437 469 486 527 679 568 432 637 309 317 316 228 198 286 253 636 962 372 364 500 184 572 172 386 453 418 843
 75012181033 545 581 5571219105812751074 574 365 353 428 600 5351180 926 980 689 965 800 773 572 437   0 166 322 582 836 872 795 955 654 668 674 602 593 662 64210421152 779 658 897 470 213 560 738 650 528 539
 82913371104 564 622 5921335109412921089 459 322 293 415 637 636126610041028 7941063 880 873 619 469 166   0 280 703 949 956 859 905 720 732 737 657 639 718 69110831264 781 737 944 541 325 607 805 752 448 445
 86214031131 579 640 6091398111013061102 583 345 525 649 654 688130010361047 8471109 913 922 640 486 322 280   0 742 973 952 844 893 707 719 722 639 618 700 67210591284 754 732 923 534 461 588 792 765 458 616
 421 655 672 601 531 545 658 8601140 9681068 711 897 912 555 223 731 545 739 227 476 448 308 506 527 582 703 742   0 286 460 5181129 437 444 457 466 493 486 509 811 598 790 402 664 362 546 488 464 207 8991091
 382 417 532 718 623 647 414 7941089 9371283 90411551178 640 367 523 421 667 213 265 379 198 601 679 836 949 973 286   0 324 4761210 479 474 484 536 564 526 564 726 347 839 466 608 498 810 583 442 23510761344
 156 556 224 557 453 483 528 481 777 6321207 81811901258 460 374 315 104 355 248 162 119 159 443 568 872 956 952 460 324   0 212 978 313 293 293 373 390 334 378 414 462 599 361 309 424 915 435 209 274 9591361
 111 756 272 398 298 328 729 373 658 4951062 67911021191 298 359 460 197 253 323 363 123 285 297 432 795 859 844 518 476 212   0 796 191 163 153 229 233 180 218 325 660 417 291 176 329 873 290  70 325 7991252
 8561522 938 553 625 5991495 688 726 532 746 62111161254 604 9341158 946 74210211128 8861027 662 637 955 905 89311291210 978 796   0 779 769 756 700 643 715 680 7231423 394 887 717 7691128 671 788 998 5111107
 166 818 430 304 201 229 798 500 764 586 947 559 9621050 214 250 601 335 394 289 449 216 303 186 309 654 720 707 437 479 313 191 779   0  60  70 109 134  96 131 461 722 412 170 307 184 731 169 131 269 6941112
 145 805 403 306 201 231 785 473 740 563 955 567 9751064 212 260 577 310 367 287 432 194 293 189 317 668 732 719 444 474 293 163 769  60   0  48 115 135  87 128 437 712 402 182 282 201 748 177 107 273 7011127
 147 812 395 299 195 225 790 457 723 546 953 565 9801071 203 273 573 307 352 299 435 193 301 185 316 674 737 722 457 484 293 153 756  70  48   0 112 128  75 118 422 718 387 195 267 208 757 175 101 285 6971130
 225 880 471 215 112 140 861 492 741 554 864 476 901 999 127 270 654 387 402 342 511 274 364  97 228 602 657 639 466 536 373 229 700 109 115 112   0  54  85  72 469 790 349 212 320 153 702  88 183 323 6111048
 244 905 472 166  61  92 885 464 702 513 825 441 885 988  72 295 663 398 383 371 532 290 391  61 198 593 639 618 493 564 390 233 643 134 135 128  54   0  95  56 451 818 298 245 307 168 706  67 199 356 5701028
 189 855 421 260 156 186 834 450 707 525 919 534 9621059 162 296 607 342 354 338 478 234 345 151 286 662 718 700 486 526 334 180 715  96  87  75  85  95   0  76 422 761 349 221 270 204 755 143 136 323 6591107
 232 898 456 219 116 146 877 459 706 519 880 497 9371038 121 314 648 383 373 374 521 277 386 116 253 642 691 672 509 564 378 218 680 131 128 118  72  56  76   0 437 804 319 247 290 198 744 112 179 355 6181076
 400 906 257 556 491 511 869  83 371 2511196 84913301438 476 653 456 349 109 608 532 387 547 509 636104210831059 811 726 414 325 723 461 437 422 469 451 422 437   0 817 414 585 179 5991150 517 368 620 9171456
 588 130 579 980 877 906 106 892118510571586120014711490 889 670 440 529 777 501 314 563 435 861 962115212641284 598 347 462 6601423 722 712 718 790 818 761 804 817   01046 735 746 7861121 845 648 53013621660
 4781143 577 267 288 2771116 388 531 325 815 50710221150 263 593 797 570 395 655 750 508 653 325 372 779 781 754 790 839 599 417 394 412 402 387 349 298 349 319 4141046   0 535 357 450 928 339 415 642 5321107
 229 824 515 389 294 317 808 618 887 709 998 609 9731051 313 215 663 404 508 271 478 279 307 271 364 658 737 732 402 466 361 291 887 170 182 195 212 245 221 247 585 735 535   0 407 183 704 236 213 231 7461120
 256 844 241 434 354 378 812 217 503 3481094 72911911293 342 500 461 258 104 468 451 253 419 367 500 897 944 923 664 608 309 176 717 307 282 267 320 307 270 290 179 746 357 407   0 442 993 369 212 472 8181324
 287 872 566 245 185 192 859 620 868 680 805 417 781 866 210 171 725 463 525 305 540 338 361 161 184 470 541 534 362 498 424 329 769 184 201 208 153 168 204 198 599 786 450 183 442   0 559 146 276 277 586 946
 81011751097 685 699 6821182116814031207 735 544 420 393 721 5661215 9791076 700 978 856 789 684 572 213 325 461 546 810 915 8731128 731 748 757 702 706 755 74411501121 928 704 993 559   0 670 813 664 711 609
 288 936 531 165  75  93 918 530 765 574 807 420 853 956  99 290 717 450 449 387 572 337 418  49 172 560 607 588 488 583 435 290 671 169 177 175  88  67 143 112 517 845 339 236 369 146 670   0 245 363 554 994
  75 744 305 363 259 290 719 408 688 5211022 63510471134 264 300 481 215 291 276 357 109 252 254 386 738 805 792 464 442 209  70 788 131 107 101 183 199 136 179 368 648 415 213 212 276 813 245   0 278 7661203
 228 612 480 495 404 426 602 668 953 7851064 681 9721021 424 149 563 353 545  48 326 253 135 381 453 650 752 765 207 235 274 325 998 269 273 285 323 356 323 355 620 530 642 231 472 277 664 363 278   0 8541157
 81214491024 427 529 4891435 8971033 826 319 219 639 777 527 7411228 966 879 8841097 859 934 550 418 528 448 458 8991076 959 799 511 694 701 697 611 570 659 618 9171362 532 746 818 586 711 554 766 854   0 639
122517261494 920 996 9611727144916181412 414 631 360 333100710351663140013991193146312761273 999 843 539 445 61610911344136112521107111211271130104810281107107614561660110711201324 946 609 99412031157 639   0

   0 102 100 100  90  98 102  84  98  86  98  92  92  82  98  98  92  86  80 102  84  92 100  96  80  82  90  82  82  94  90  96  86 102  86 102  82  86  92  90  84  88  96  80  80  82  96  90  96  94  84  92
 114   0 118 118 108 116 120 102 116 104 116 110 110 100 116 116 110 104  98 120 102 110 118 114  98 100 108 100 100 112 108 114 104 120 104 120 100 104 110 108 102 106 114  98  98 100 114 108 114 112 102 110
 108 114   0 112 102 110 114  96 110  98 110 104 104  94 110 110 104  98  92 114  96 104 112 108  92  94 102  94  94 106 102 108  98 114  98 114  94  98 104 102  96 100 108  92  92  94 108 102 108 106  96 104
 108 114 112   0 102 110 114  96 110  98 110 104 104  94 110 110 104  98  92 114  96 104 112 108  92  94 102  94  94 106 102 108  98 114  98 114  94  98 104 102  96 100 108  92  92  94 108 102 108 106  96 104
  78  84  82  82   0  80  84  66  80  68  80  74  74  64  80  80  74  68  62  84  66  74  82  78  62  64  72  64  64  76  72  78  68  84  68  84  64  68  74  72  66  70  78  62  62  64  78  72  78  76  66  74
 102 108 106 106  96   0 108  90 104  92 104  98  98  88 104 104  98  92  86 108  90  98 106 102  86  88  96  88  88 100  96 102  92 108  92 108  88  92  98  96  90  94 102  86  86  88 102  96 102 100  90  98
 114 120 118 118 108 116   0 102 116 104 116 110 110 100 116 116 110 104  98 120 102 110 118 114  98 100 108 100 100 112 108 114 104 120 104 120 100 104 110 108 102 106 114  98  98 100 114 108 114 112 102 110
  60  66  64  64  54  62  66   0  62  50  62  56  56  46  62  62  56  50  44  66  48  56  64  60  44  46  54  46  46  58  54  60  50  66  50  66  46  50  56  54  48  52  60  44  44  46  60  54  60  58  48  56
 102 108 106 106  96 104 108  90   0  92 104  98  98  88 104 104  98  92  86 108  90  98 106 102  86  88  96  88  88 100  96 102  92 108  92 108  88  92  98  96  90  94 102  86  86  88 102  96 102 100  90  98
  66  72  70  70  60  68  72  54  68   0  68  62  62  52  68  68  62  56  50  72  54  62  70  66  50  52  60  52  52  64  60  66  56  72  56  72  52  56  62  60  54  58  66  50  50  52  66  60  66  64  54  62
 102 108 106 106  96 104 108  90 104  92   0  98  98  88 104 104  98  92  86 108  90  98 106 102  86  88  96  88  88 100  96 102  92 108  92 108  88  92  98  96  90  94 102  86  86  88 102  96 102 100  90  98
  84  90  88  88  78  86  90  72  86  74  86   0  80  70  86  86  80  74  68  90  72  80  88  84  68  70  78  70  70  82  78  84  74  90  74  90  70  74  80  78  72  76  84  68  68  70  84  78  84  82  72  80
  84  90  88  88  78  86  90  72  86  74  86  80   0  70  86  86  80  74  68  90  72  80  88  84  68  70  78  70  70  82  78  84  74  90  74  90  70  74  80  78  72  76  84  68  68  70  84  78  84  82  72  80
  54  60  58  58  48  56  60  42  56  44  56  50  50   0  56  56  50  44  38  60  42  50  58  54  38  40  48  40  40  52  48  54  44  60  44  60  40  44  50  48  42  46  54  38  38  40  54  48  54  52  42  50
 102 108 106 106  96 104 108  90 104  92 104  98  98  88   0 104  98  92  86 108  90  98 106 102  86  88  96  88  88 100  96 102  92 108  92 108  88  92  98  96  90  94 102  86  86  88 102  96 102 100  90  98
 102 108 106 106  96 104 108  90 104  92 104  98  98  88 104   0  98  92  86 108  90  98 106 102  86  88  96  88  88 100  96 102  92 108  92 108  88  92  98  96  90  94 102  86  86  88 102  96 102 100  90  98
  84  90  88  88  78  86  90  72  86  74  86  80  80  70  86  86   0  74  68  90  72  80  88  84  68  70  78  70  70  82  78  84  74  90  74  90  70  74  80  78  72  76  84  68  68  70  84  78  84  82  72  80
  66  72  70  70  60  68  72  54  68  56  68  62  62  52  68  68  62   0  50  72  54  62  70  66  50  52  60  52  52  64  60  66  56  72  56  72  52  56  62  60  54  58  66  50  50  52  66  60  66  64  54  62
  48  54  52  52  42  50  54  36  50  38  50  44  44  34  50  50  44  38   0  54  36  44  52  48  32  34  42  34  34  46  42  48  38  54  38  54  34  38  44  42  36  40  48  32  32  34  48  42  48  46  36  44
 114 120 118 118 108 116 120 102 116 104 116 110 110 100 116 116 110 104  98   0 102 110 118 114  98 100 108 100 100 112 108 114 104 120 104 120 100 104 110 108 102 106 114  98  98 100 114 108 114 112 102 110
  60  66  64  64  54  62  66  48  62  50  62  56  56  46  62  62  56  50  44  66   0  56  64  60  44  46  54  46  46  58  54  60  50  66  50  66  46  50  56  54  48  52  60  44  44  46  60  54  60  58  48  56
  84  90  88  88  78  86  90  72  86  74  86  80  80  70  86  86  80  74  68  90  72   0  88  84  68  70  78  70  70  82  78  84  74  90  74  90  70  74  80  78  72  76  84  68  68  70  84  78  84  82  72  80
 108 114 112 112 102 110 114  96 110  98 110 104 104  94 110 110 104  98  92 114  96 104   0 108  92  94 102  94  94 106 102 108  98 114  98 114  94  98 104 102  96 100 108  92  92  94 108 102 108 106  96 104
  96 102 100 100  90  98 102  84  98  86  98  92  92  82  98  98  92  86  80 102  84  92 100   0  80  82  90  82  82  94  90  96  86 102  86 102  82  86  92  90  84  88  96  80  80  82  96  90  96  94  84  92
  48  54  52  52  42  50  54  36  50  38  50  44  44  34  50  50  44  38  32  54  36  44  52  48   0  34  42  34  34  46  42  48  38  54  38  54  34  38  44  42  36  40  48  32  32  34  48  42  48  46  36  44
  54  60  58  58  48  56  60  42  56  44  56  50  50  40  56  56  50  44  38  60  42  50  58  54  38   0  48  40  40  52  48  54  44  60  44  60  40  44  50  48  42  46  54  38  38  40  54  48  54  52  42  50
  78  84  82  82  72  80  84  66  80  68  80  74  74  64  80  80  74  68  62  84  66  74  82  78  62  64   0  64  64  76  72  78  68  84  68  84  64  68  74  72  66  70  78  62  62  64  78  72  78  76  66  74
  54  60  58  58  48  56  60  42  56  44  56  50  50  40  56  56  50  44  38  60  42  50  58  54  38  40  48   0  40  52  48  54  44  60  44  60  40  44  50  48  42  46  54  38  38  40  54  48  54  52  42  50
  54  60  58  58  48  56  60  42  56  44  56  50  50  40  56  56  50  44  38  60  42  50  58  54  38  40  48  40   0  52  48  54  44  60  44  60  40  44  50  48  42  46  54  38  38  40  54  48  54  52  42  50
  90  96  94  94  84  92  96  78  92  80  92  86  86  76  92  92  86  80  74  96  78  86  94  90  74  76  84  76  76   0  84  90  80  96  80  96  76  80  86  84  78  82  90  74  74  76  90  84  90  88  78  86
  78  84  82  82  72  80  84  66  80  68  80  74  74  64  80  80  74  68  62  84  66  74  82  78  62  64  72  64  64  76   0  78  68  84  68  84  64  68  74  72  66  70  78  62  62  64  78  72  78  76  66  74
  96 102 100 100  90  98 102  84  98  86  98  92  92  82  98  98  92  86  80 102  84  92 100  96  80  82  90  82  82  94  90   0  86 102  86 102  82  86  92  90  84  88  96  80  80  82  96  90  96  94  84  92
  66  72  70  70  60  68  72  54  68  56  68  62  62  52  68  68  62  56  50  72  54  62  70  66  50  52  60  52  52  64  60  66   0  72  56  72  52  56  62  60  54  58  66  50  50  52  66  60  66  64  54  62
 114 120 118 118 108 116 120 102 116 104 116 110 110 100 116 116 110 104  98 120 102 110 118 114  98 100 108 100 100 112 108 114 104   0 104 120 100 104 110 108 102 106 114  98  98 100 114 108 114 112 102 110
  66  72  70  70  60  68  72  54  68  56  68  62  62  52  68  68  62  56  50  72  54  62  70  66  50  52  60  52  52  64  60  66  56  72   0  72  52  56  62  60  54  58  66  50  50  52  66  60  66  64  54  62
 114 120 118 118 108 116 120 102 116 104 116 110 110 100 116 116 110 104  98 120 102 110 118 114  98 100 108 100 100 112 108 114 104 120 104   0 100 104 110 108 102 106 114  98  98 100 114 108 114 112 102 110
  54  60  58  58  48  56  60  42  56  44  56  50  50  40  56  56  50  44  38  60  42  50  58  54  38  40  48  40  40  52  48  54  44  60  44  60   0  44  50  48  42  46  54  38  38  40  54  48  54  52  42  50
  66  72  70  70  60  68  72  54  68  56  68  62  62  52  68  68  62  56  50  72  54  62  70  66  50  52  60  52  52  64  60  66  56  72  56  72  52   0  62  60  54  58  66  50  50  52  66  60  66  64  54  62
  84  90  88  88  78  86  90  72  86  74  86  80  80  70  86  86  80  74  68  90  72  80  88  84  68  70  78  70  70  82  78  84  74  90  74  90  70  74   0  78  72  76  84  68  68  70  84  78  84  82  72  80
  78  84  82  82  72  80  84  66  80  68  80  74  74  64  80  80  74  68  62  84  66  74  82  78  62  64  72  64  64  76  72  78  68  84  68  84  64  68  74   0  66  70  78  62  62  64  78  72  78  76  66  74
  60  66  64  64  54  62  66  48  62  50  62  56  56  46  62  62  56  50  44  66  48  56  64  60  44  46  54  46  46  58  54  60  50  66  50  66  46  50  56  54   0  52  60  44  44  46  60  54  60  58  48  56
  72  78  76  76  66  74  78  60  74  62  74  68  68  58  74  74  68  62  56  78  60  68  76  72  56  58  66  58  58  70  66  72  62  78  62  78  58  62  68  66  60   0  72  56  56  58  72  66  72  70  60  68
  96 102 100 100  90  98 102  84  98  86  98  92  92  82  98  98  92  86  80 102  84  92 100  96  80  82  90  82  82  94  90  96  86 102  86 102  82  86  92  90  84  88   0  80  80  82  96  90  96  94  84  92
  48  54  52  52  42  50  54  36  50  38  50  44  44  34  50  50  44  38  32  54  36  44  52  48  32  34  42  34  34  46  42  48  38  54  38  54  34  38  44  42  36  40  48   0  32  34  48  42  48  46  36  44
  48  54  52  52  42  50  54  36  50  38  50  44  44  34  50  50  44  38  32  54  36  44  52  48  32  34  42  34  34  46  42  48  38  54  38  54  34  38  44  42  36  40  48  32   0  34  48  42  48  46  36  44
  54  60  58  58  48  56  60  42  56  44  56  50  50  40  56  56  50  44  38  60  42  50  58  54  38  40  48  40  40  52  48  54  44  60  44  60  40  44  50  48  42  46  54  38  38   0  54  48  54  52  42  50
  96 102 100 100  90  98 102  84  98  86  98  92  92  82  98  98  92  86  80 102  84  92 100  96  80  82  90  82  82  94  90  96  86 102  86 102  82  86  92  90  84  88  96  80  80  82   0  90  96  94  84  92
  78  84  82  82  72  80  84  66  80  68  80  74  74  64  80  80  74  68  62  84  66  74  82  78  62  64  72  64  64  76  72  78  68  84  68  84  64  68  74  72  66  70  78  62  62  64  78   0  78  76  66  74
  96 102 100 100  90  98 102  84  98  86  98  92  92  82  98  98  92  86  80 102  84  92 100  96  80  82  90  82  82  94  90  96  86 102  86 102  82  86  92  90  84  88  96  80  80  82  96  90   0  94  84  92
  90  96  94  94  84  92  96  78  92  80  92  86  86  76  92  92  86  80  74  96  78  86  94  90  74  76  84  76  76  88  84  90  80  96  80  96  76  80  86  84  78  82  90  74  74  76  90  84  90   0  78  86
  60  66  64  64  54  62  66  48  62  50  62  56  56  46  62  62  56  50  44  66  48  56  64  60  44  46  54  46  46  58  54  60  50  66  50  66  46  50  56  54  48  52  60  44  44  46  60  54  60  58   0  56
  84  90  88  88  78  86  90  72  86  74  86  80  80  70  86  86  80  74  68  90  72  80  88  84  68  70  78  70  70  82  78  84  74  90  74  90  70  74  80  78  72  76  84  68  68  70  84  78  84  82  72   0

   0 114 110 118 102 120 114 100  98 100 118 102 100 102 112 116 108 102 118 104 116 106  98 108 108 118 110 104 106 106 112 120 106 104 120 114 116 110 118 106 114 114 118 120 116 106  98 114 118 106 116 108
 102   0  92 100  84 102  96  82  80  82 100  84  82  84  94  98  90  84 100  86  98  88  80  90  90 100  92  86  88  88  94 102  88  86 102  96  98  92 100  88  96  96 100 102  98  88  80  96 100  88  98  90
  90  84   0  88  72  90  84  70  68  70  88  72  70  72  82  86  78  72  88  74  86  76  68  78  78  88  80  74  76  76  82  90  76  74  90  84  86  80  88  76  84  84  88  90  86  76  68  84  88  76  86  78
 114 108 104   0  96 114 108  94  92  94 112  96  94  96 106 110 102  96 112  98 110 100  92 102 102 112 104  98 100 100 106 114 100  98 114 108 110 104 112 100 108 108 112 114 110 100  92 108 112 100 110 102
  66  60  56  64   0  66  60  46  44  46  64  48  46  48  58  62  54  48  64  50  62  52  44  54  54  64  56  50  52  52  58  66  52  50  66  60  62  56  64  52  60  60  64  66  62  52  44  60  64  52  62  54
 120 114 110 118 102   0 114 100  98 100 118 102 100 102 112 116 108 102 118 104 116 106  98 108 108 118 110 104 106 106 112 120 106 104 120 114 116 110 118 106 114 114 118 120 116 106  98 114 118 106 116 108
 102  96  92 100  84 102   0  82  80  82 100  84  82  84  94  98  90  84 100  86  98  88  80  90  90 100  92  86  88  88  94 102  88  86 102  96  98  92 100  88  96  96 100 102  98  88  80  96 100  88  98  90
  60  54  50  58  42  60  54   0  38  40  58  42  40  42  52  56  48  42  58  44  56  46  38  48  48  58  50  44  46  46  52  60  46  44  60  54  56  50  58  46  54  54  58  60  56  46  38  54  58  46  56  48
  54  48  44  52  36  54  48  34   0  34  52  36  34  36  46  50  42  36  52  38  50  40  32  42  42  52  44  38  40  40  46  54  40  38  54  48  50  44  52  40  48  48  52  54  50  40  32  48  52  40  50  42
  60  54  50  58  42  60  54  40  38   0  58  42  40  42  52  56  48  42  58  44  56  46  38  48  48  58  50  44  46  46  52  60  46  44  60  54  56  50  58  46  54  54  58  60  56  46  38  54  58  46  56  48
 114 108 104 112  96 114 108  94  92  94   0  96  94  96 106 110 102  96 112  98 110 100  92 102 102 112 104  98 100 100 106 114 100  98 114 108 110 104 112 100 108 108 112 114 110 100  92 108 112 100 110 102
  66  60  56  64  48  66  60  46  44  46  64   0  46  48  58  62  54  48  64  50  62  52  44  54  54  64  56  50  52  52  58  66  52  50  66  60  62  56  64  52  60  60  64  66  62  52  44  60  64  52  62  54
  60  54  50  58  42  60  54  40  38  40  58  42   0  42  52  56  48  42  58  44  56  46  38  48  48  58  50  44  46  46  52  60  46  44  60  54  56  50  58  46  54  54  58  60  56  46  38  54  58  46  56  48
  66  60  56  64  48  66  60  46  44  46  64  48  46   0  58  62  54  48  64  50  62  52  44  54  54  64  56  50  52  52  58  66  52  50  66  60  62  56  64  52  60  60  64  66  62  52  44  60  64  52  62  54
  96  90  86  94  78  96  90  76  74  76  94  78  76  78   0  92  84  78  94  80  92  82  74  84  84  94  86  80  82  82  88  96  82  80  96  90  92  86  94  82  90  90  94  96  92  82  74  90  94  82  92  84
 108 102  98 106  90 108 102  88  86  88 106  90  88  90 100   0  96  90 106  92 104  94  86  96  96 106  98  92  94  94 100 108  94  92 108 102 104  98 106  94 102 102 106 108 104  94  86 102 106  94 104  96
  84  78  74  82  66  84  78  64  62  64  82  66  64  66  76  80   0  66  82  68  80  70  62  72  72  82  74  68  70  70  76  84  70  68  84  78  80  74  82  70  78  78  82  84  80  70  62  78  82  70  80  72
  66  60  56  64  48  66  60  46  44  46  64  48  46  48  58  62  54   0  64  50  62  52  44  54  54  64  56  50  52  52  58  66  52  50  66  60  62  56  64  52  60  60  64  66  62  52  44  60  64  52  62  54
 114 108 104 112  96 114 108  94  92  94 112  96  94  96 106 110 102  96   0  98 110 100  92 102 102 112 104  98 100 100 106 114 100  98 114 108 110 104 112 100 108 108 112 114 110 100  92 108 112 100 110 102
  72  66  62  70  54  72  66  52  50  52  70  54  52  54  64  68  60  54  70   0  68  58  50  60  60  70  62  56  58  58  64  72  58  56  72  66  68  62  70  58  66  66  70  72  68  58  50  66  70  58  68  60
 108 102  98 106  90 108 102  88  86  88 106  90  88  90 100 104  96  90 106  92   0  94  86  96  96 106  98  92  94  94 100 108  94  92 108 102 104  98 106  94 102 102 106 108 104  94  86 102 106  94 104  96
  78  72  68  76  60  78  72  58  56  58  76  60  58  60  70  74  66  60  76  62  74   0  56  66  66  76  68  62  64  64  70  78  64  62  78  72  74  68  76  64  72  72  76  78  74  64  56  72  76  64  74  66
  54  48  44  52  36  54  48  34  32  34  52  36  34  36  46  50  42  36  52  38  50  40   0  42  42  52  44  38  40  40  46  54  40  38  54  48  50  44  52  40  48  48  52  54  50  40  32  48  52  40  50  42
  84  78  74  82  66  84  78  64  62  64  82  66  64  66  76  80  72  66  82  68  80  70  62   0  72  82  74  68  70  70  76  84  70  68  84  78  80  74  82  70  78  78  82  84  80  70  62  78  82  70  80  72
  84  78  74  82  66  84  78  64  62  64  82  66  64  66  76  80  72  66  82  68  80  70  62  72   0  82  74  68  70  70  76  84  70  68  84  78  80  74  82  70  78  78  82  84  80  70  62  78  82  70  80  72
 114 108 104 112  96 114 108  94  92  94 112  96  94  96 106 110 102  96 112  98 110 100  92 102 102   0 104  98 100 100 106 114 100  98 114 108 110 104 112 100 108 108 112 114 110 100  92 108 112 100 110 102
  90  84  80  88  72  90  84  70  68  70  88  72  70  72  82  86  78  72  88  74  86  76  68  78  78  88   0  74  76  76  82  90  76  74  90  84  86  80  88  76  84  84  88  90  86  76  68  84  88  76  86  78
  72  66  62  70  54  72  66  52  50  52  70  54  52  54  64  68  60  54  70  56  68  58  50  60  60  70  62   0  58  58  64  72  58  56  72  66  68  62  70  58  66  66  70  72  68  58  50  66  70  58  68  60
  78  72  68  76  60  78  72  58  56  58  76  60  58  60  70  74  66  60  76  62  74  64  56  66  66  76  68  62   0  64  70  78  64  62  78  72  74  68  76  64  72  72  76  78  74  64  56  72  76  64  74  66
  78  72  68  76  60  78  72  58  56  58  76  60  58  60  70  74  66  60  76  62  74  64  56  66  66  76  68  62  64   0  70  78  64  62  78  72  74  68  76  64  72  72  76  78  74  64  56  72  76  64  74  66
  96  90  86  94  78  96  90  76  74  76  94  78  76  78  88  92  84  78  94  80  92  82  74  84  84  94  86  80  82  82   0  96  82  80  96  90  92  86  94  82  90  90  94  96  92  82  74  90  94  82  92  84
 120 114 110 118 102 120 114 100  98 100 118 102 100 102 112 116 108 102 118 104 116 106  98 108 108 118 110 104 106 106 112   0 106 104 120 114 116 110 118 106 114 114 118 120 116 106  98 114 118 106 116 108
  78  72  68  76  60  78  72  58  56  58  76  60  58  60  70  74  66  60  76  62  74  64  56  66  66  76  68  62  64  64  70  78   0  62  78  72  74  68  76  64  72  72  76  78  74  64  56  72  76  64  74  66
  72  66  62  70  54  72  66  52  50  52  70  54  52  54  64  68  60  54  70  56  68  58  50  60  60  70  62  56  58  58  64  72  58   0  72  66  68  62  70  58  66  66  70  72  68  58  50  66  70  58  68  60
 120 114 110 118 102 120 114 100  98 100 118 102 100 102 112 116 108 102 118 104 116 106  98 108 108 118 110 104 106 106 112 120 106 104   0 114 116 110 118 106 114 114 118 120 116 106  98 114 118 106 116 108
 102  96  92 100  84 102  96  82  80  82 100  84  82  84  94  98  90  84 100  86  98  88  80  90  90 100  92  86  88  88  94 102  88  86 102   0  98  92 100  88  96  96 100 102  98  88  80  96 100  88  98  90
 108 102  98 106  90 108 102  88  86  88 106  90  88  90 100 104  96  90 106  92 104  94  86  96  96 106  98  92  94  94 100 108  94  92 108 102   0  98 106  94 102 102 106 108 104  94  86 102 106  94 104  96
  90  84  80  88  72  90  84  70  68  70  88  72  70  72  82  86  78  72  88  74  86  76  68  78  78  88  80  74  76  76  82  90  76  74  90  84  86   0  88  76  84  84  88  90  86  76  68  84  88  76  86  78
 114 108 104 112  96 114 108  94  92  94 112  96  94  96 106 110 102  96 112  98 110 100  92 102 102 112 104  98 100 100 106 114 100  98 114 108 110 104   0 100 108 108 112 114 110 100  92 108 112 100 110 102
  78  72  68  76  60  78  72  58  56  58  76  60  58  60  70  74  66  60  76  62  74  64  56  66  66  76  68  62  64  64  70  78  64  62  78  72  74  68  76   0  72  72  76  78  74  64  56  72  76  64  74  66
 102  96  92 100  84 102  96  82  80  82 100  84  82  84  94  98  90  84 100  86  98  88  80  90  90 100  92  86  88  88  94 102  88  86 102  96  98  92 100  88   0  96 100 102  98  88  80  96 100  88  98  90
 102  96  92 100  84 102  96  82  80  82 100  84  82  84  94  98  90  84 100  86  98  88  80  90  90 100  92  86  88  88  94 102  88  86 102  96  98  92 100  88  96   0 100 102  98  88  80  96 100  88  98  90
 114 108 104 112  96 114 108  94  92  94 112  96  94  96 106 110 102  96 112  98 110 100  92 102 102 112 104  98 100 100 106 114 100  98 114 108 110 104 112 100 108 108   0 114 110 100  92 108 112 100 110 102
 120 114 110 118 102 120 114 100  98 100 118 102 100 102 112 116 108 102 118 104 116 106  98 108 108 118 110 104 106 106 112 120 106 104 120 114 116 110 118 106 114 114 118   0 116 106  98 114 118 106 116 108
 108 102  98 106  90 108 102  88  86  88 106  90  88  90 100 104  96  90 106  92 104  94  86  96  96 106  98  92  94  94 100 108  94  92 108 102 104  98 106  94 102 102 106 108   0  94  86 102 106  94 104  96
  78  72  68  76  60  78  72  58  56  58  76  60  58  60  70  74  66  60  76  62  74  64  56  66  66  76  68  62  64  64  70  78  64  62  78  72  74  68  76  64  72  72  76  78  74   0  56  72  76  64  74  66
  54  48  44  52  36  54  48  34  32  34  52  36  34  36  46  50  42  36  52  38  50  40  32  42  42  52  44  38  40  40  46  54  40  38  54  48  50  44  52  40  48  48  52  54  50  40   0  48  52  40  50  42
 102  96  92 100  84 102  96  82  80  82 100  84  82  84  94  98  90  84 100  86  98  88  80  90  90 100  92  86  88  88  94 102  88  86 102  96  98  92 100  88  96  96 100 102  98  88  80   0 100  88  98  90
 114 108 104 112  96 114 108  94  92  94 112  96  94  96 106 110 102  96 112  98 110 100  92 102 102 112 104  98 100 100 106 114 100  98 114 108 110 104 112 100 108 108 112 114 110 100  92 108   0 100 110 102
  78  72  68  76  60  78  72  58  56  58  76  60  58  60  70  74  66  60  76  62  74  64  56  66  66  76  68  62  64  64  70  78  64  62  78  72  74  68  76  64  72  72  76  78  74  64  56  72  76   0  74  66
 108 102  98 106  90 108 102  88  86  88 106  90  88  90 100 104  96  90 106  92 104  94  86  96  96 106  98  92  94  94 100 108  94  92 108 102 104  98 106  94 102 102 106 108 104  94  86 102 106  94   0  96
  84  78  74  82  66  84  78  64  62  64  82  66  64  66  76  80  72  66  82  68  80  70  62  72  72  82  74  68  70  70  76  84  70  68  84  78  80  74  82  70  78  78  82  84  80  70  62  78  82  70  80   0

   0  92 108  92 110 102 114 106 106  92 110  92  96 114 104 106 106 114  98 110  96  98 100 106 108 112 112 106  96 102  98 102 114 108 112 102 110  98 100 110 100  92 102  92 100 110 108 104 108  94  96 110
  52   0  48  32  50  42  54  46  46  32  50  32  36  54  44  46  46  54  38  50  36  38  40  46  48  52  52  46  36  42  38  42  54  48  52  42  50  38  40  50  40  32  42  32  40  50  48  44  48  34  36  50
 100  80   0  80  98  90 102  94  94  80  98  80  84 102  92  94  94 102  86  98  84  86  88  94  96 100 100  94  84  90  86  90 102  96 100  90  98  86  88  98  88  80  90  80  88  98  96  92  96  82  84  98
  52  32  48   0  50  42  54  46  46  32  50  32  36  54  44  46  46  54  38  50  36  38  40  46  48  52  52  46  36  42  38  42  54  48  52  42  50  38  40  50  40  32  42  32  40  50  48  44  48  34  36  50
 106  86 102  86   0  96 108 100 100  86 104  86  90 108  98 100 100 108  92 104  90  92  94 100 102 106 106 100  90  96  92  96 108 102 106  96 104  92  94 104  94  86  96  86  94 104 102  98 102  88  90 104
  82  62  78  62  80   0  84  76  76  62  80  62  66  84  74  76  76  84  68  80  66  68  70  76  78  82  82  76  66  72  68  72  84  78  82  72  80  68  70  80  70  62  72  62  70  80  78  74  78  64  66  80
 118  98 114  98 116 108   0 112 112  98 116  98 102 120 110 112 112 120 104 116 102 104 106 112 114 118 118 112 102 108 104 108 120 114 118 108 116 104 106 116 106  98 108  98 106 116 114 110 114 100 102 116
  94  74  90  74  92  84  96   0  88  74  92  74  78  96  86  88  88  96  80  92  78  80  82  88  90  94  94  88  78  84  80  84  96  90  94  84  92  80  82  92  82  74  84  74  82  92  90  86  90  76  78  92
  94  74  90  74  92  84  96  88   0  74  92  74  78  96  86  88  88  96  80  92  78  80  82  88  90  94  94  88  78  84  80  84  96  90  94  84  92  80  82  92  82  74  84  74  82  92  90  86  90  76  78  92
  52  32  48  32  50  42  54  46  46   0  50  32  36  54  44  46  46  54  38  50  36  38  40  46  48  52  52  46  36  42  38  42  54  48  52  42  50  38  40  50  40  32  42  32  40  50  48  44  48  34  36  50
 106  86 102  86 104  96 108 100 100  86   0  86  90 108  98 100 100 108  92 104  90  92  94 100 102 106 106 100  90  96  92  96 108 102 106  96 104  92  94 104  94  86  96  86  94 104 102  98 102  88  90 104
  52  32  48  32  50  42  54  46  46  32  50   0  36  54  44  46  46  54  38  50  36  38  40  46  48  52  52  46  36  42  38  42  54  48  52  42  50  38  40  50  40  32  42  32  40  50  48  44  48  34  36  50
  64  44  60  44  62  54  66  58  58  44  62  44   0  66  56  58  58  66  50  62  48  50  52  58  60  64  64  58  48  54  50  54  66  60  64  54  62  50  52  62  52  44  54  44  52  62  60  56  60  46  48  62
 118  98 114  98 116 108 120 112 112  98 116  98 102   0 110 112 112 120 104 116 102 104 106 112 114 118 118 112 102 108 104 108 120 114 118 108 116 104 106 116 106  98 108  98 106 116 114 110 114 100 102 116
  88  68  84  68  86  78  90  82  82  68  86  68  72  90   0  82  82  90  74  86  72  74  76  82  84  88  88  82  72  78  74  78  90  84  88  78  86  74  76  86  76  68  78  68  76  86  84  80  84  70  72  86
  94  74  90  74  92  84  96  88  88  74  92  74  78  96  86   0  88  96  80  92  78  80  82  88  90  94  94  88  78  84  80  84  96  90  94  84  92  80  82  92  82  74  84  74  82  92  90  86  90  76  78  92
  94  74  90  74  92  84  96  88  88  74  92  74  78  96  86  88   0  96  80  92  78  80  82  88  90  94  94  88  78  84  80  84  96  90  94  84  92  80  82  92  82  74  84  74  82  92  90  86  90  76  78  92
 118  98 114  98 116 108 120 112 112  98 116  98 102 120 110 112 112   0 104 116 102 104 106 112 114 118 118 112 102 108 104 108 120 114 118 108 116 104 106 116 106  98 108  98 106 116 114 110 114 100 102 116
  70  50  66  50  68  60  72  64  64  50  68  50  54  72  62  64  64  72   0  68  54  56  58  64  66  70  70  64  54  60  56  60  72  66  70  60  68  56  58  68  58  50  60  50  58  68  66  62  66  52  54  68
 106  86 102  86 104  96 108 100 100  86 104  86  90 108  98 100 100 108  92   0  90  92  94 100 102 106 106 100  90  96  92  96 108 102 106  96 104  92  94 104  94  86  96  86  94 104 102  98 102  88  90 104
  64  44  60  44  62  54  66  58  58  44  62  44  48  66  56  58  58  66  50  62   0  50  52  58  60  64  64  58  48  54  50  54  66  60  64  54  62  50  52  62  52  44  54  44  52  62  60  56  60  46  48  62
  70  50  66  50  68  60  72  64  64  50  68  50  54  72  62  64  64  72  56  68  54   0  58  64  66  70  70  64  54  60  56  60  72  66  70  60  68  56  58  68  58  50  60  50  58  68  66  62  66  52  54  68
  76  56  72  56  74  66  78  70  70  56  74  56  60  78  68  70  70  78  62  74  60  62   0  70  72  76  76  70  60  66  62  66  78  72  76  66  74  62  64  74  64  56  66  56  64  74  72  68  72  58  60  74
  94  74  90  74  92  84  96  88  88  74  92  74  78  96  86  88  88  96  80  92  78  80  82   0  90  94  94  88  78  84  80  84  96  90  94  84  92  80  82  92  82  74  84  74  82  92  90  86  90  76  78  92
 100  80  96  80  98  90 102  94  94  80  98  80  84 102  92  94  94 102  86  98  84  86  88  94   0 100 100  94  84  90  86  90 102  96 100  90  98  86  88  98  88  80  90  80  88  98  96  92  96  82  84  98
 112  92 108  92 110 102 114 106 106  92 110  92  96 114 104 106 106 114  98 110  96  98 100 106 108   0 112 106  96 102  98 102 114 108 112 102 110  98 100 110 100  92 102  92 100 110 108 104 108  94  96 110
 112  92 108  92 110 102 114 106 106  92 110  92  96 114 104 106 106 114  98 110  96  98 100 106 108 112   0 106  96 102  98 102 114 108 112 102 110  98 100 110 100  92 102  92 100 110 108 104 108  94  96 110
  94  74  90  74  92  84  96  88  88  74  92  74  78  96  86  88  88  96  80  92  78  80  82  88  90  94  94   0  78  84  80  84  96  90  94  84  92  80  82  92  82  74  84  74  82  92  90  86  90  76  78  92
  64  44  60  44  62  54  66  58  58  44  62  44  48  66  56  58  58  66  50  62  48  50  52  58  60  64  64  58   0  54  50  54  66  60  64  54  62  50  52  62  52  44  54  44  52  62  60  56  60  46  48  62
  82  62  78  62  80  72  84  76  76  62  80  62  66  84  74  76  76  84  68  80  66  68  70  76  78  82  82  76  66   0  68  72  84  78  82  72  80  68  70  80  70  62  72  62  70  80  78  74  78  64  66  80
  70  50  66  50  68  60  72  64  64  50  68  50  54  72  62  64  64  72  56  68  54  56  58  64  66  70  70  64  54  60   0  60  72  66  70  60  68  56  58  68  58  50  60  50  58  68  66  62  66  52  54  68
  82  62  78  62  80  72  84  76  76  62  80  62  66  84  74  76  76  84  68  80  66  68  70  76  78  82  82  76  66  72  68   0  84  78  82  72  80  68  70  80  70  62  72  62  70  80  78  74  78  64  66  80
 118  98 114  98 116 108 120 112 112  98 116  98 102 120 110 112 112 120 104 116 102 104 106 112 114 118 118 112 102 108 104 108   0 114 118 108 116 104 106 116 106  98 108  98 106 116 114 110 114 100 102 116
 100  80  96  80  98  90 102  94  94  80  98  80  84 102  92  94  94 102  86  98  84  86  88  94  96 100 100  94  84  90  86  90 102   0 100  90  98  86  88  98  88  80  90  80  88  98  96  92  96  82  84  98
 112  92 108  92 110 102 114 106 106  92 110  92  96 114 104 106 106 114  98 110  96  98 100 106 108 112 112 106  96 102  98 102 114 108   0 102 110  98 100 110 100  92 102  92 100 110 108 104 108  94  96 110
  82  62  78  62  80  72  84  76  76  62  80  62  66  84  74  76  76  84  68  80  66  68  70  76  78  82  82  76  66  72  68  72  84  78  82   0  80  68  70  80  70  62  72  62  70  80  78  74  78  64  66  80
 106  86 102  86 104  96 108 100 100  86 104  86  90 108  98 100 100 108  92 104  90  92  94 100 102 106 106 100  90  96  92  96 108 102 106  96   0  92  94 104  94  86  96  86  94 104 102  98 102  88  90 104
  70  50  66  50  68  60  72  64  64  50  68  50  54  72  62  64  64  72  56  68  54  56  58  64  66  70  70  64  54  60  56  60  72  66  70  60  68   0  58  68  58  50  60  50  58  68  66  62  66  52  54  68
  76  56  72  56  74  66  78  70  70  56  74  56  60  78  68  70  70  78  62  74  60  62  64  70  72  76  76  70  60  66  62  66  78  72  76  66  74  62   0  74  64  56  66  56  64  74  72  68  72  58  60  74
 106  86 102  86 104  96 108 100 100  86 104  86  90 108  98 100 100 108  92 104  90  92  94 100 102 106 106 100  90  96  92  96 108 102 106  96 104  92  94   0  94  86  96  86  94 104 102  98 102  88  90 104
  76  56  72  56  74  66  78  70  70  56  74  56  60  78  68  70  70  78  62  74  60  62  64  70  72  76  76  70  60  66  62  66  78  72  76  66  74  62  64  74   0  56  66  56  64  74  72  68  72  58  60  74
  52  32  48  32  50  42  54  46  46  32  50  32  36  54  44  46  46  54  38  50  36  38  40  46  48  52  52  46  36  42  38  42  54  48  52  42  50  38  40  50  40   0  42  32  40  50  48  44  48  34  36  50
  82  62  78  62  80  72  84  76  76  62  80  62  66  84  74  76  76  84  68  80  66  68  70  76  78  82  82  76  66  72  68  72  84  78  82  72  80  68  70  80  70  62   0  62  70  80  78  74  78  64  66  80
  52  32  48  32  50  42  54  46  46  32  50  32  36  54  44  46  46  54  38  50  36  38  40  46  48  52  52  46  36  42  38  42  54  48  52  42  50  38  40  50  40  32  42   0  40  50  48  44  48  34  36  50
  76  56  72  56  74  66  78  70  70  56  74  56  60  78  68  70  70  78  62  74  60  62  64  70  72  76  76  70  60  66  62  66  78  72  76  66  74  62  64  74  64  56  66  56   0  74  72  68  72  58  60  74
 106  86 102  86 104  96 108 100 100  86 104  86  90 108  98 100 100 108  92 104  90  92  94 100 102 106 106 100  90  96  92  96 108 102 106  96 104  92  94 104  94  86  96  86  94   0 102  98 102  88  90 104
 100  80  96  80  98  90 102  94  94  80  98  80  84 102  92  94  94 102  86  98  84  86  88  94  96 100 100  94  84  90  86  90 102  96 100  90  98  86  88  98  88  80  90  80  88  98   0  92  96  82  84  98
  88  68  84  68  86  78  90  82  82  68  86  68  72  90  80  82  82  90  74  86  72  74  76  82  84  88  88  82  72  78  74  78  90  84  88  78  86  74  76  86  76  68  78  68  76  86  84   0  84  70  72  86
 100  80  96  80  98  90 102  94  94  80  98  80  84 102  92  94  94 102  86  98  84  86  88  94  96 100 100  94  84  90  86  90 102  96 100  90  98  86  88  98  88  80  90  80  88  98  96  92   0  82  84  98
  58  38  54  38  56  48  60  52  52  38  56  38  42  60  50  52  52  60  44  56  42  44  46  52  54  58  58  52  42  48  44  48  60  54  58  48  56  44  46  56  46  38  48  38  46  56  54  50  54   0  42  56
  64  44  60  44  62  54  66  58  58  44  62  44  48  66  56  58  58  66  50  62  48  50  52  58  60  64  64  58  48  54  50  54  66  60  64  54  62  50  52  62  52  44  54  44  52  62  60  56  60  46   0  62
 106  86 102  86 104  96 108 100 100  86 104  86  90 108  98 100 100 108  92 104  90  92  94 100 102 106 106 100  90  96  92  96 108 102 106  96 104  92  94 104  94  86  96  86  94 104 102  98 102  88  90   0